  0.60540108
  0.43424900
  0.58040444
  0.43994030
  0.47452967
  0.43853269
  0.54941795
  0.33867313
  0.40284037
  0.51317016
  0.63869540
  0.59416340
  0.53271402
  0.42207324
  0.43777422
  0.25662704
  0.45986249
  0.75292181
  0.57936552
  0.34210053
  0.46717890
  0.50962945
  0.60267613
  0.49617771
  0.35965745
  0.49887371
  0.31306746
  0.64227933
  0.42982804
  0.38919220
  0.26126473
  0.38776673
  0.54392347
  0.62155362
  0.50051223
  0.65601756
  0.65636442
  0.48299846
  0.77760783
  0.34348743
  0.57913523
  0.25991454
  0.53305976
  0.53101705
  0.71401426
  0.52710410
  0.62877151
  0.45423782
  0.42238530
  0.39602632
  0.46582794
  0.46467761
  0.40570312
  0.42279145
  0.72290321
  0.73178778
  0.59156626
  0.62435062
  0.45107912
  0.66791260
  0.39916677
  0.71773145
  0.52911353
  0.59807547
  0.56166157
  0.63542744
  0.34979574
  0.30279345
  0.67861726
  0.18345595
  0.44776072
  0.45320190
  0.45178330
  0.43831116
  0.53613435
  0.31237547
  0.50319624
  0.59581185
  0.62912855
  0.61322463
  0.24240690
  0.39664367
  0.47303727
  0.34392003
  0.44183425
  0.46447302
  0.50659234
  0.40274258
  0.47152524
  0.33942535
  0.44316585
  0.39019871
  0.60329954
  0.63603287
  0.44377032
  0.50482883
  0.40165803
  0.54675217
  0.45463256
  0.45982830
  0.39950512
  0.31967234
  0.40325902
  0.60365509
  0.33228476
  0.60598891
  0.53869276
  0.38884099
  0.26355295
  0.65633402
  0.67894217
  0.52521600
  0.33887072
  0.48502711
  0.43991996
  0.66191226
  0.50065465
  0.57890297
  0.46163120
  0.52831127
  0.27960213
  0.51782986
  0.48634874
  0.48141863
  0.56350534
  0.61675565
  0.47561428
  0.73434173
  0.36923715
  0.45695271
  0.64472159
  0.42391149
  0.32820492
  0.54097898
  0.59800785
  0.55454320
  0.30751260
  0.35956024
  0.63807077
  0.51953122
  0.53910068
  0.47473498
  0.26211609
  0.40728817
  0.61874455
  0.53102310
  0.62658879
  0.46898763
  0.61793811
  0.38102605
  0.25700029
  0.73581012
  0.37035817
  0.61536292
  0.55558555
  0.70117781
  0.50825903
  0.68692145
  0.54303053
  0.54683827
  0.72090228
  0.35384847
  0.44311161
  0.45070928
  0.42815223
  0.48557597
  0.41312469
  0.65666559
  0.63054194
  0.57021642
  0.70801321
  0.41543102
  0.63659520
  0.63340540
  0.54065888
  0.48825167
  0.41658418
  0.50323056
  0.34212472
  0.33773036
  0.61962037
  0.43958260
  0.54430082
  0.49980876
  0.38541994
  0.54332362
  0.40173926
  0.65203283
  0.51119667
  0.52572588
  0.37455864
  0.35388965
  0.46264824
  0.42447285
  0.54419910
  0.49565841
  0.54678911
  0.56184753
  0.68649334
  0.31747544
  0.41922533
  0.39266482
  0.65901386
  0.37952776
  0.53031796
  0.64700877
  0.46014078
  0.49880798
  0.63702320
  0.60105747
  0.39277906
  0.57174638
  0.67595153
  0.65350078
  0.67360580
  0.70879806
  0.57007294
  0.49951601
  0.45740293
  0.49051906
  0.59985185
  0.50768542
  0.36237876
  0.35993525
  0.50919771
  0.71643367
  0.59752366
  0.37426627
  0.37668373
  0.56675332
  0.32015366
  0.39836334
  0.52872152
  0.33941302
  0.40214098
  0.44265963
  0.46408193
  0.48211141
  0.56559217
  0.73366000
  0.34846249
  0.73786820
  0.42602373
  0.46319116
  0.33622797
  0.48820787
  0.39372172
  0.65514849
  0.63608242
  0.74151631
  0.30632554
  0.57287908
  0.67952499
  0.61546716
  0.41904278
  0.64313476
  0.32322428
  0.37413881
  0.46900574
  0.56855005
  0.24078043
  0.44870121
  0.51148307
  0.57196976
  0.63876054
  0.35727856
  0.71013966
  0.45767623
  0.64505707
  0.59296374
  0.37355655
  0.69567783
  0.45555238
  0.64348935
  0.43530753
  0.63359140
  0.42983210
  0.60489392
  0.54301406
  0.36294627
  0.50003001
  0.50646628
  0.63009631
  0.37813549
  0.55682416
  0.53350732
  0.44494922
  0.17416356
  0.52349317
  0.48151652
  0.38031114
  0.39450907
  0.43012660
  0.35806283
  0.54479832
  0.27554308
  0.71636506
  0.44271127
  0.68060307
  0.71295717
  0.32146556
  0.55696236
  0.74507255
  0.47463633
  0.51662402
  0.59318444
  0.45786027
  0.49300532
  0.39735033
  0.47118320
  0.72340087
  0.53880316
  0.38793872
  0.58042608
  0.54126593
  0.50059786
  0.67649632
  0.59729423
  0.39504990
  0.72357073
  0.33482010
  0.44799184
  0.27671048
  0.58646072
  0.45156433
  0.42809622
  0.74923023
  0.42765602
  0.64788460
  0.46482505
  0.33182090
  0.51019168
  0.54555637
  0.47276469
  0.49631452
  0.50353979
  0.57151059
  0.61892042
  0.31667096
  0.47755451
  0.57564354
  0.46930442
  0.37790770
  0.35061719
  0.63175936
  0.34545173
  0.43372779
  0.46627560
  0.48582658
  0.44637981
  0.57933082
  0.50317125
  0.37987299
  0.45351954
  0.56241535
  0.61793277
  0.42260901
  0.21418703
  0.60108562
  0.42869842
  0.56774526
  0.48443255
  0.42532724
  0.43481245
  0.50657549
  0.48185216
  0.51903767
  0.40002034
  0.39672986
  0.53274336
  0.46162724
  0.35632210
  0.30101310
  0.41950345
  0.41299868
  0.80414234
  0.42116437
  0.63213588
  0.64241373
  0.73793620
  0.36588467
  0.49717246
  0.44774576
  0.55899602
  0.56224147
  0.45585436
  0.52953850
  0.62293022
  0.40711477
  0.60258650
  0.50604094
  0.50908444
  0.76888095
  0.75188928
  0.55331255
  0.55261776
  0.63939240
  0.63002812
  0.52624333
  0.67969117
  0.33796591
  0.37054161
  0.55023680
  0.47763297
  0.22296915
  0.62028939
  0.42216119
  0.66888869
  0.33363267
  0.43881115
  0.28595398
  0.59556215
  0.42868335
  0.42009891
  0.36482601
  0.65304531
  0.53855430
  0.68373270
  0.46576013
  0.59084441
  0.69927539
  0.48812138
  0.48312798
  0.41480502
  0.39023590
  0.55286319
  0.41764241
  0.42799496
  0.69204513
  0.31765056
  0.44611445
  0.30527506
  0.60332048
  0.51797656
  0.42767111
  0.49213839
  0.38561862
  0.60709034
  0.68436583
  0.62724017
  0.58718769
  0.37150382
  0.31988297
  0.66914836
  0.64186719
  0.73546267
  0.62339045
  0.63383969
  0.31420831
  0.57910346
  0.66019447
  0.58237273
  0.64832873
  0.48537965
  0.72383822
  0.53661681
  0.44091738
  0.43049494
  0.70766617
  0.30701057
  0.40288610
  0.41852099
  0.48449694
  0.46769178
  0.35297966
  0.60429132
  0.35046957
  0.45182291
  0.62603960
  0.73889663
  0.55936184
  0.36046416
  0.57386191
  0.36393345
  0.68759725
  0.51832826
  0.59669374
  0.53669502
  0.63136079
  0.48063617
  0.35489467
  0.65893300
  0.57361815
  0.67416079
  0.46979240
  0.39027551
  0.51708801
  0.24320728
  0.41710945
  0.44618036
  0.67909114
  0.37107028
  0.64215095
  0.39640501
  0.45154808
  0.52325925
  0.49269758
  0.50408727
  0.47224274
  0.64828254
  0.38165388
  0.40237799
  0.57595624
  0.44016451
  0.41527825
  0.51988060
  0.60823783
  0.64515966
  0.67390530
  0.42365244
  0.48312058
  0.36167869
  0.66684464
  0.45366839
  0.43950642
  0.49303484
  0.43014461
  0.30764992
  0.54887804
  0.53810877
  0.33304192
  0.52348258
  0.46412430
  0.57958613
  0.71243673
  0.48167479
  0.59079366
  0.61418324
  0.72471970
  0.59286053
  0.51189947
  0.49344139
  0.50604820
  0.48016864
  0.78682012
  0.36838757
  0.48539597
  0.39398536
  0.37658046
  0.37612114
  0.42850396
  0.50603555
  0.46750688
  0.39956477
  0.44888202
  0.41980389
  0.57724002
  0.60594303
  0.57737697
  0.25617483
  0.41754576
  0.63405296
  0.49733789
  0.34985051
  0.40956913
  0.30046502
  0.34269043
  0.41452500
  0.66315357
  0.66335006
  0.70090025
  0.38092171
  0.39072057
  0.69642283
  0.49950055
  0.58059879
  0.61082463
  0.22728604
  0.57865430
  0.43904864
  0.52133832
  0.84216355
  0.75173070
  0.31667416
  0.41285772
  0.48476856
  0.71416400
  0.52588290
  0.29586576
  0.66648257
  0.48247528
  0.44635957
  0.58829306
  0.51253563
  0.41718570
  0.47042792
  0.44866788
  0.42340172
  0.78789071
  0.21816844
  0.77131538
  0.49685649
  0.57113930
  0.53151089
  0.32732273
  0.53049020
  0.50299436
  0.36743652
  0.54181178
  0.38894842
  0.46767938
  0.52532895
  0.27137375
  0.58374086
  0.38490360
  0.27088972
  0.68071451
  0.38979156
  0.52324310
  0.44683542
  0.52633602
  0.45381711
  0.37367126
  0.45195938
  0.47857689
  0.49515834
  0.42050259
  0.41167073
  0.56004071
  0.56164313
  0.47800345
  0.57838692
  0.22553841
  0.51494741
  0.58283972
  0.60492727
  0.43803971
  0.38497288
  0.40169378
  0.34883158
  0.47210202
  0.42049236
  0.68898273
  0.49328217
  0.65743589
  0.33182563
  0.28299240
  0.49572013
  0.46073879
  0.30682883
  0.40145268
  0.44134887
  0.47555752
  0.62685958
  0.59311180
  0.46588277
  0.59957396
  0.62239324
  0.30501148
  0.65623777
  0.38301828
  0.48301825
  0.33445786
  0.62190789
  0.39124956
  0.40286853
  0.55749324
  0.71523359
  0.65025556
  0.52782582
  0.60446080
  0.53750368
  0.63916976
  0.48321424
  0.49744518
  0.48850135
  0.48402713
  0.55723666
  0.62325248
  0.74047184
  0.45294142
  0.57363659
  0.51575809
  0.52612131
  0.60396892
  0.38599806
  0.46634970
  0.60871481
  0.59104718
  0.30519739
  0.64462435
  0.63320399
  0.42556027
  0.41390121
  0.32111531
  0.31526013
  0.42100987
  0.29499360
  0.59096650
  0.72547889
  0.22358982
  0.62653637
  0.59163313
  0.52757216
  0.47724727
  0.37887574
  0.59551710
  0.67878936
  0.29002352
  0.51095963
  0.45659515
  0.39211077
  0.36181806
  0.60279158
  0.39507452
  0.68368318
  0.45863851
  0.38557060
  0.42035633
  0.56989086
  0.72188736
  0.47201920
  0.69898386
  0.49230187
  0.37760903
  0.53412486
  0.33362918
  0.47496165
  0.37738931
  0.74484769
  0.37021432
  0.57298923
  0.65134357
  0.30925407
  0.55550347
  0.52976360
  0.38817000
  0.55407414
  0.42482692
  0.48396964
  0.53852838
  0.59801979
  0.51265444
  0.35590503
  0.41882734
  0.52505139
  0.43857254
  0.48489647
  0.55707369
  0.49361890
  0.42813528
  0.71161578
  0.65458766
  0.54896666
  0.58216991
  0.54487766
  0.39282869
  0.62647785
  0.63556720
  0.35008339
  0.33883238
  0.46424213
  0.30186955
  0.44868401
  0.41952811
  0.34918822
  0.37560946
  0.37646483
  0.33763797
  0.41185952
  0.43303885
  0.57859606
  0.55375900
  0.51602587
  0.39064752
  0.28207073
  0.36239192
  0.62154207
  0.45876077
  0.55408780
  0.40287829
  0.68213440
  0.72520290
  0.60233749
  0.45134240
  0.37370493
  0.48884059
  0.26878361
  0.66971791
  0.35593909
  0.36825792
  0.45212828
  0.41934835
  0.36170374
  0.53151003
  0.37716473
  0.24527361
  0.34748127
  0.29356529
  0.49890836
  0.45998226
  0.74642990
  0.43055673
  0.46669706
  0.39650454
  0.53909420
  0.45465146
  0.43060999
  0.49767500
  0.47367201
  0.44393480
  0.33966161
  0.36566575
  0.49541247
  0.50061748
  0.55307319
  0.64002084
  0.53095799
  0.62428820
  0.60743799
  0.51666604
  0.45145400
  0.43500497
  0.66043440
  0.51420001
  0.47768743
  0.43371678
  0.57917230
  0.58565999
  0.61336054
  0.72486893
  0.51784697
  0.40186538
  0.67855359
  0.48708721
  0.44685330
  0.52977914
  0.34015559
  0.33394304
  0.40770808
  0.60475159
  0.73949641
  0.48972314
  0.48882186
  0.40389832
  0.30371775
  0.35333853
  0.45182623
  0.50673643
  0.62822168
  0.41232347
  0.59204226
  0.55155745
  0.33162523
  0.51972739
  0.65054464
  0.59000139
  0.34590009
  0.48577218
  0.33557312
  0.55109684
  0.45306883
  0.53420782
  0.39687125
  0.59947428
  0.50891644
  0.36294818
  0.48749757
  0.50703382
  0.40354142
  0.65595501
  0.45273682
  0.61587212
  0.60163215
  0.46621422
  0.55001170
  0.56243619
  0.56686816
  0.28095590
  0.56648682
  0.55287469
  0.20414099
  0.62507933
  0.45142865
  0.27152783
  0.58450652
  0.46285953
  0.43601063
  0.62379776
  0.37851584
  0.30918650
  0.37269300
  0.47191787
  0.40807785
  0.25573145
  0.52385267
  0.57641379
  0.28680271
  0.15433188
  0.57603144
  0.55351614
  0.48573063
  0.59770648
  0.34682819
  0.53685538
  0.43365633
  0.39785760
  0.38212734
  0.55077235
  0.29498300
  0.63834621
  0.48126146
  0.46189603
  0.47513152
  0.45347866
  0.45765023
  0.65703091
  0.66946465
  0.50301937
  0.61310905
  0.57671839
  0.41582459
  0.50440357
  0.38132687
  0.40746821
  0.41032417
  0.39318124
  0.64301363
  0.43902949
  0.51680208
  0.37149836
  0.52704412
  0.61422253
  0.46434680
  0.66518036
  0.53351248
  0.45004898
  0.37733579
  0.34994863
  0.73413058
  0.47607496
  0.54435213
  0.43279237
  0.59631048
  0.48022565
  0.52077704
  0.37512983
  0.69642367
  0.39932777
  0.34895719
  0.54664351
  0.70420959
  0.57119387
  0.62048489
  0.39596070
  0.31754009
  0.39668517
  0.37397484
  0.62147673
  0.50566644
  0.38818328
  0.42073359
  0.59296216
  0.50866114
  0.27961889
  0.55428814
  0.64809718
  0.32487387
  0.52367757
  0.41482599
  0.50992315
  0.45344700
  0.38849087
  0.40845507
  0.70245634
  0.52141408
  0.37647670
  0.43008216
  0.58132243
  0.52851330
  0.18480971
  0.62626732
  0.57614487
  0.52727309
  0.52486091
  0.52603366
  0.57207419
  0.55823663
  0.55909031
  0.34578783
  0.63018519
  0.47497478
  0.61339363
  0.29198253
  0.51928853
  0.57953718
  0.44959952
  0.38216352
  0.39761377
  0.36803919
  0.50962748
  0.39382188
  0.41710809
  0.55114372
  0.53539285
  0.69651732
  0.31768048
  0.59752737
  0.77532063
  0.51528999
  0.51255399
  0.49008144
  0.60810886
  0.61662967
  0.46056498
  0.46725531
  0.44878303
  0.53365126
  0.37086572
  0.69851686
  0.66566385
  0.45996920
  0.46958200
  0.44254161
  0.58507936
  0.31925874
  0.24644304
  0.74111251
  0.44902525
  0.36492531
  0.45309366
  0.66435303
  0.59064494
  0.64244982
  0.66938680
  0.67868748
  0.52398576
  0.58935772
  0.42469771
  0.55833137
  0.46673127
  0.35640023
  0.62927611
  0.59621765
  0.59609233
  0.58444705
  0.38105064
  0.56118457
  0.57468396
  0.54437328
  0.44391273
  0.29086176
  0.41566643
  0.70178197
  0.26700817
  0.63876193
  0.45987924
  0.59828585
  0.61044631
  0.40441516
  0.46551556
  0.48491536
  0.37770802
  0.54818369
  0.40677180
  0.44124194
  0.42522671
  0.39852647
  0.64621417
  0.64123513
  0.59250758
  0.59972350
  0.64952647
  0.68154344
  0.43685357
  0.58125041
  0.53191581
  0.77819121
  0.46614543
  0.37118343
  0.57023125
  0.55920633
  0.47369853
  0.46967989
  0.72343355
  0.29372593
  0.64278432
  0.27095115
  0.78996051
  0.40990463
  0.29781451
  0.48071515
  0.57316302
  0.46640116
  0.48135457
  0.50440580
  0.39973161
  0.47631852
  0.46316663
  0.73674661
  0.47719753
  0.58972004
  0.39869777
  0.47265377
  0.34449431
  0.44950140
  0.36553101
  0.55313419
  0.53709714
  0.61763509
  0.54585846
  0.32683330
  0.57910986
  0.59636880
  0.60360780
  0.74416151
  0.43961235
  0.62211522
  0.40974367
  0.47938438
  0.58345854
  0.36142589
  0.56288814
  0.60582873
  0.43275998
  0.71738350
  0.50582352
  0.27841216
  0.39524694
  0.56916369
  0.37066967
  0.46045952
  0.63375681
  0.40082334
  0.46029051
  0.49340345
  0.26641613
  0.48783457
  0.49724324
  0.40874270
  0.44386299
  0.48598301
  0.54344219
  0.65836002
  0.47963236
  0.62446986
  0.38946799
  0.27238891
  0.61398404
  0.57471151
  0.53638679
  0.50208805
  0.41974461
  0.79067232
  0.61591870
  0.40281769
  0.49258820
  0.35160558
  0.66663308
  0.32264720
  0.51136307
  0.42297889
  0.47831585
  0.54053751
  0.46110592
  0.36828550
  0.58479597
  0.58360343
  0.64894072
  0.40950934
  0.66525799
  0.55404292
  0.38874736
  0.39494259
  0.42818093
  0.57532806
  0.49134579
  0.50705156
  0.70144129
  0.44703009
  0.35487865
  0.60133621
  0.70326220
  0.63760586
  0.70598555
  0.63828058
  0.38160323
  0.55962677
  0.54241240
  0.45860389
  0.31244683
  0.56826800
  0.29924008
  0.51793839
  0.73795248
  0.37322554
  0.32881802
  0.62942084
  0.59355962
  0.58851735
  0.54471379
  0.49949319
  0.35264749
  0.62068273
  0.74548105
  0.36266835
  0.39133056
  0.63417501
  0.39943741
  0.44976234
  0.45278153
  0.64270807
  0.59918448
  0.50664404
  0.50046666
  0.58247223
  0.53964591
  0.54954693
  0.58251979
  0.55890551
  0.58031364
  0.51547252
  0.53958817
  0.65168400
  0.40233911
  0.50334015
  0.32400954
  0.35527681
  0.64970289
  0.45033894
  0.35734048
  0.26371495
  0.49818618
  0.52979269
  0.59952005
  0.40435700
  0.50703226
  0.54133065
  0.37284186
  0.37485364
  0.55255746
  0.42734986
  0.59564442
  0.46729817
  0.39334347
  0.41934506
  0.32286785
  0.41061011
  0.54951330
  0.40336281
  0.52523061
  0.38689731
  0.56102734
  0.57313162
  0.47371632
  0.44232452
  0.63606884
  0.62950217
  0.58509853
  0.59557964
  0.28484312
  0.61920012
  0.64466563
  0.61356858
  0.61698173
  0.51286319
  0.30658412
  0.26295024
  0.51711742
  0.63459415
  0.52447199
  0.42977285
  0.65593567
  0.56432857
  0.45316783
  0.37383147
  0.48081890
  0.77146882
  0.67502448
  0.47528228
  0.60201583
  0.36586339
  0.52274818
  0.39941298
  0.56618463
  0.43031934
  0.59918263
  0.64569444
  0.40203903
  0.54587075
  0.72380899
  0.64035554
  0.47891829
  0.46875463
  0.57871724
  0.35311023
  0.51706895
  0.51404873
  0.60061408
  0.46292560
  0.57879659
  0.31468419
  0.65369616
  0.38878216
  0.61874331
  0.56142345
  0.47931590
  0.40983934
  0.52580041
  0.41159557
  0.40943924
  0.50613971
  0.37527769
  0.60440038
  0.40278399
  0.41328129
  0.47993057
  0.52026913
  0.38186060
  0.55940019
  0.35557634
  0.46404880
  0.60859530
  0.64232912
  0.55779575
  0.67321021
  0.48125481
  0.65746455
  0.40214633
  0.52703431
  0.52474401
  0.38545397
  0.78663320
  0.45243152
  0.38672502
  0.49075676
  0.62193500
  0.43693523
  0.36933157
  0.39763872
  0.36608861
  0.59155406
  0.76163634
  0.54938732
  0.44337284
  0.50982564
  0.54038621
  0.37632684
  0.68398939
  0.51984464
  0.53282088
  0.23069630
  0.49162884
  0.33534462
  0.58269582
  0.34469181
  0.50502584
  0.64234257
  0.32702815
  0.31780497
  0.52878214
  0.40761941
  0.54543305
  0.28467858
  0.45265957
  0.59873609
  0.52326635
  0.58907101
  0.48078058
  0.45472569
  0.54132024
  0.48248180
  0.68642128
  0.46699620
  0.57489091
  0.44282620
  0.51512584
  0.38631416
  0.50294000
  0.51243282
  0.39493272
  0.44508375
  0.44551597
  0.56842567
  0.46289303
  0.38424673
  0.46465048
  0.32825598
  0.43139488
  0.38176783
  0.28835579
  0.61247179
  0.51515012
  0.74853551
  0.18690401
  0.30365488
  0.61153286
  0.49499999
  0.31795575
  0.42692556
  0.55219130
  0.42968166
  0.50706090
  0.54398920
  0.52652032
  0.42104289
  0.48062523
  0.62383237
  0.51358537
  0.44086133
  0.68991396
  0.52421049
  0.61708351
  0.42699242
  0.52330862
  0.60495880
  0.46714412
  0.53100765
  0.60241234
  0.36278457
  0.50475905
  0.54167752
  0.52831772
  0.48531489
  0.34849922
  0.56149188
  0.40316010
  0.53895666
  0.40107713
  0.66992250
  0.55354246
  0.43459824
  0.36741367
  0.46355596
  0.35402060
  0.57522784
  0.48094449
  0.60742825
  0.48802952
  0.47381732
  0.73602781
  0.42496229
  0.44828073
  0.39309081
  0.40313881
  0.48318243
  0.44245076
  0.45044046
  0.45392728
  0.71405235
  0.35049660
  0.82178814
  0.59898283
  0.42084537
  0.63391708
  0.50023124
  0.45735286
  0.49831297
  0.30203726
  0.38197213
  0.54755507
  0.59584010
  0.63332575
  0.66500769
  0.36015171
  0.54081876
  0.34123167
  0.42501962
  0.44023439
  0.33294851
  0.69758553
  0.45814725
  0.64703366
  0.64784072
  0.53871501
  0.64498592
  0.43305925
  0.60070613
  0.53501249
  0.46702755
  0.55153386
  0.47774546
  0.38127598
  0.36293317
  0.42357727
  0.66529653
  0.47111859
  0.73617581
  0.71571768
  0.72559058
  0.56136165
  0.41476341
  0.43640835
  0.53732384
  0.38406095
  0.81602874
  0.39070030
  0.84752337
  0.55281630
  0.37288075
  0.41285620
  0.52718634
  0.35418825
  0.38596007
  0.47430778
  0.57458097
  0.59397567
  0.57836373
  0.54281656
  0.49734185
