  0.18524198
  0.24551200
  0.55304030
  0.50096321
  0.38155058
  0.21044968
  0.04428325
  0.02871803
  0.05900109
  0.12595600
  0.19929532
  0.50709666
  0.12007707
  0.18992327
  0.29866854
  0.69414867
  0.03205542
  0.32184405
  0.11307941
  0.53555109
  0.17986390
  0.25771166
  0.05938990
  0.32205729
  0.13904799
  0.05723871
  0.33358830
  0.26470020
  0.23580231
  0.02145755
  0.19514764
  0.02203905
  0.34357522
  0.13981623
  0.25733095
  0.03013745
  0.04923312
  0.52129207
  0.28138247
  0.10670759
  0.26057364
  0.17224375
  0.26968952
  0.01163693
  0.36878858
  0.29769241
  0.07173404
  0.02339973
  0.08507832
  0.19947651
  0.05346399
  0.15938702
  0.17256563
  0.27168376
  0.55143138
  0.18795414
  0.10869852
  0.33222183
  0.36255721
  0.13184978
  0.08519387
  0.06180969
  0.28094137
  0.49317281
  0.05830938
  0.12169189
  0.47092689
  0.21174580
  0.16948646
  0.64099513
  0.10416507
  0.03696021
  0.39123545
  0.12977425
  0.25478567
  0.14759137
  0.07495258
  0.24728422
  0.14435723
  0.11439802
  0.59850760
  0.62910728
  0.02391358
  0.08164806
  0.05744849
  0.40682858
  0.17502918
  0.04757137
  0.27917975
  0.09292015
  0.24416402
  0.05767693
  0.20641600
  0.14179493
  0.15569023
  0.10417000
  0.05038101
  0.23302668
  0.46157026
  0.10718173
  0.06853951
  0.52117090
  0.10266431
  0.10327557
  0.03100489
  0.13216874
  0.08634221
  0.13056168
  0.35385076
  0.05901958
  0.26626134
  0.22096014
  0.44983987
  0.13471025
  0.23744268
  0.20502321
  0.52911067
  0.26842231
  0.19985441
  0.16967422
  0.10209897
  0.75029048
  0.08101544
  0.45203213
  0.24459319
  0.30977738
  0.11109839
  0.14930824
  0.37164729
  0.03897250
  0.40737116
  0.21307842
  0.38287977
  0.02660037
  0.07273947
  0.10203572
  0.23939883
  0.10293409
  0.13859223
  0.04647825
  0.20848115
  0.06545853
  0.19488505
  0.25738387
  0.23466046
  0.43820872
  0.26012390
  0.27291541
  0.01573502
  0.21423809
  0.18539797
  0.26533863
  0.38220617
  0.02184473
  0.06539620
  0.09787570
  0.14539004
  0.17347795
  0.38626649
  0.10459447
  0.02146577
  0.20394387
  0.16736941
  0.22039001
  0.30451816
  0.11735755
  0.15023605
  0.11008946
  0.13418718
  0.23697708
  0.48558509
  0.27773988
  0.07951499
  0.30686595
  0.22333215
  0.43073534
  0.09316459
  0.05470086
  0.44610836
  0.19367288
  0.13365588
  0.28776005
  0.13044332
  0.08094568
  0.08300227
  0.19911075
  0.04920202
  0.01169643
  0.05647767
  0.11818995
  0.28063023
  0.11244892
  0.23526923
  0.49594711
  0.12329205
  0.29157461
  0.31937410
  0.02472264
  0.31600523
  0.18501604
  0.12467406
  0.11668018
  0.15219424
  0.06855531
  0.24246556
  0.04703610
  0.43433977
  0.19295449
  0.31035878
  0.23604318
  0.33371191
  0.31417717
  0.25612924
  0.46228478
  0.01980894
  0.45780324
  0.23064929
  0.09649124
  0.46498462
  0.18595951
  0.09969524
  0.02568483
  0.16248901
  0.30586255
  0.17692309
  0.10712384
  0.29056021
  0.27907770
  0.19298626
  0.14365114
  0.07131444
  0.07437597
  0.38824216
  0.26564598
  0.08746871
  0.01331497
  0.03989947
  0.05204613
  0.12467577
  0.42898989
  0.60205364
  0.08860578
  0.08408485
  0.15027670
  0.28903766
  0.08308418
  0.15259286
  0.10744481
  0.33296021
  0.06631873
  0.03704579
  0.23980363
  0.02734023
  0.19203550
  0.34373258
  0.25260370
  0.27020886
  0.09044060
  0.53395937
  0.18113823
  0.47785403
  0.28776605
  0.10126467
  0.02456230
  0.16289407
  0.39290056
  0.24006335
  0.18731639
  0.21997659
  0.25611745
  0.20404645
  0.08004469
  0.34190641
  0.65045952
  0.33937627
  0.10660662
  0.44635896
  0.22030283
  0.41031713
  0.13904880
  0.36242991
  0.51400020
  0.03376618
  0.41916137
  0.18793197
  0.29119623
  0.29657698
  0.43924301
  0.20345154
  0.03591332
  0.08244976
  0.05270733
  0.14330460
  0.00929345
  0.51608967
  0.09422683
  0.27249783
  0.32180054
  0.11446182
  0.28824598
  0.17922788
  0.35815692
  0.32554021
  0.08319846
  0.08582620
  0.09688480
  0.39049841
  0.23366684
  0.73814270
  0.15122858
  0.10536041
  0.12997804
  0.50799444
  0.13804573
  0.21487018
  0.04911680
  0.41986599
  0.13622174
  0.29988904
  0.16951596
  0.34346125
  0.12920076
  0.28194018
  0.07331745
  0.12055564
  0.08817743
  0.28758976
  0.11040250
  0.16105674
  0.19034592
  0.24794422
  0.14050446
  0.33984092
  0.36917109
  0.23927307
  0.02035122
  0.17974112
  0.13172458
  0.09342845
  0.34921911
  0.06857944
  0.26384542
  0.54008945
  0.15232686
  0.36152447
  0.12848224
  0.37421566
  0.44922944
  0.19444599
  0.57461600
  0.05677123
  0.48809504
  0.38092671
  0.27657691
  0.02020346
  0.65958503
  0.05227344
  0.70758151
  0.11442278
  0.04968370
  0.48034009
  0.18071364
  0.30535795
  0.17437926
  0.11067962
  0.37752881
  0.11463548
  0.21623747
  0.19239286
  0.23011348
  0.13714106
  0.19824044
  0.21111358
  0.34153280
  0.10330758
  0.31849214
  0.08569634
  0.01119047
  0.03507031
  0.39824942
  0.18561101
  0.37016176
  0.07653650
  0.18614213
  0.20071348
  0.11537391
  0.49952883
  0.57445410
  0.09873199
  0.26281264
  0.29887649
  0.02786672
  0.67831422
  0.00909672
  0.08288688
  0.15770621
  0.04569834
  0.07498949
  0.34255614
  0.49118888
  0.07135914
  0.23036513
  0.01013818
  0.27370804
  0.73969411
  0.11663853
  0.02803759
  0.28635448
  0.30213133
  0.68408787
  0.33310345
  0.16162661
  0.18521033
  0.05170222
  0.09952786
  0.18471181
  0.18762610
  0.08753293
  0.36134100
  0.10022831
  0.27496568
  0.17830847
  0.40064536
  0.11230657
  0.46386979
  0.49181351
  0.08207181
  0.32715980
  0.09581070
  0.11279699
  0.27565117
  0.20255984
  0.32323841
  0.26787522
  0.16014397
  0.03538925
  0.28649263
  0.49227220
  0.18030293
  0.01816841
  0.39757055
  0.73868117
  0.15698183
  0.20740291
  0.54525854
  0.27101136
  0.42102918
  0.42682571
  0.38712114
  0.49453399
  0.05564010
  0.57000134
  0.58010617
  0.08219506
  0.38743351
  0.19637039
  0.13425148
  0.16493731
  0.34353069
  0.40737383
  0.20075809
  0.41724505
  0.40042799
  0.15010094
  0.01514928
  0.29149648
  0.32817341
  0.01896143
  0.30202090
  0.10386425
  0.34649795
  0.14105997
  0.24849456
  0.51427239
  0.29514224
  0.58502326
  0.18933935
  0.14480284
  0.52405845
  0.06129528
  0.17670265
  0.27422126
  0.47831918
  0.17818781
  0.05252363
  0.28817699
  0.23387308
  0.19290198
  0.11443835
  0.29293838
  0.37490140
  0.29124545
  0.16392312
  0.55902325
  0.20769574
  0.34084065
  0.08845974
  0.17182276
  0.11465746
  0.56228413
  0.32742072
  0.11490397
  0.23775832
  0.24032674
  0.32484454
  0.36273712
  0.04154235
  0.25130777
  0.25008106
  0.05073131
  0.31179534
  0.34314333
  0.16565633
  0.34832008
  0.29863346
  0.20993613
  0.08541724
  0.23057126
  0.27199799
  0.17475295
  0.08810296
  0.07149299
  0.25202374
  0.24838752
  0.15925433
  0.18569334
  0.14765217
  0.01909366
  0.15262458
  0.23536908
  0.03243161
  0.20659350
  0.50621967
  0.03543216
  0.14468942
  0.27181050
  0.15666950
  0.04871665
  0.12582735
  0.10593903
  0.19012495
  0.14735279
  0.02454557
  0.32780939
  0.49897226
  0.49228475
  0.32272568
  0.38920142
  0.19142193
  0.36947955
  0.32468809
  0.16379562
  0.24581575
  0.20837926
  0.21493252
  0.19452578
  0.13132120
  0.49763838
  0.26214583
  0.10141596
  0.11979988
  0.12069418
  0.20243965
  0.23509914
  0.19573597
  0.07814733
  0.28036861
  0.28050955
  0.11632839
  0.14305288
  0.32027913
  0.16256630
  0.28900781
  0.19638744
  0.59498944
  0.13495224
  0.30488911
  0.13061549
  0.23105053
  0.00700927
  0.03814055
  0.48553245
  0.27441253
  0.07537147
  0.11462516
  0.00182963
  0.29699430
  0.17790586
  0.19370227
  0.22726364
  0.16803948
  0.21802410
  0.05756049
  0.36939213
  0.02455012
  0.12746585
  0.41793786
  0.09396020
  0.48263006
  0.24967383
  0.03250931
  0.11174534
  0.02440921
  0.17970089
  0.37437102
  0.01230284
  0.00499353
  0.08364675
  0.26048855
  0.29546099
  0.18449312
  0.25077057
  0.16627917
  0.16032929
  0.06114727
  0.00415966
  0.15772985
  0.01182664
  0.07258588
  0.11637007
  0.60530588
  0.28176598
  0.07385016
  0.08529789
  0.19965264
  0.27095312
  0.20115791
  0.19803079
  0.51255910
  0.23207281
  0.44290433
  0.47440849
  0.44809057
  0.18500149
  0.22760974
  0.10519064
  0.02560353
  0.15568009
  0.31221878
  0.07306960
  0.07657867
  0.10545322
  0.09672415
  0.01499308
  0.43831742
  0.30771976
  0.54989311
  0.22948748
  0.15108672
  0.29072912
  0.13099475
  0.25024592
  0.14951086
  0.35072921
  0.22104156
  0.15732542
  0.22403098
  0.06943433
  0.42082828
  0.41636351
  0.02400722
  0.10029589
  0.30576848
  0.48065516
  0.44343415
  0.18927120
  0.57730978
  0.60481508
  0.27625003
  0.38632103
  0.27146556
  0.09756246
  0.41380442
  0.11189771
  0.16395008
  0.30019047
  0.41196530
  0.09051140
  0.18710291
  0.07349433
  0.12870296
  0.13953916
  0.19944735
  0.08386231
  0.13371495
  0.30664029
  0.45571283
  0.02070453
  0.53788689
  0.10254454
  0.44968151
  0.39426730
  0.34590290
  0.06330557
  0.20409009
  0.34854408
  0.17845828
  0.27068560
  0.10226641
  0.47563573
  0.12783204
  0.08236728
  0.18811874
  0.01833090
  0.44002179
  0.05371971
  0.17645351
  0.04133135
  0.34681586
  0.18268802
  0.20434498
  0.04908794
  0.36761796
  0.34458534
  0.32889225
  0.49136459
  0.07966357
  0.24693020
  0.12462142
  0.42700752
  0.13189910
  0.05440404
  0.18364814
  0.17535818
  0.34399977
  0.21202181
  0.36636477
  0.24997446
  0.03086997
  0.04185248
  0.22488494
  0.03455956
  0.41251666
  0.27001424
  0.24021605
  0.41421006
  0.18706215
  0.36818696
  0.39723550
  0.16152997
  0.02914650
  0.09823498
  0.06218219
  0.47816186
  0.46120869
  0.52042274
  0.09911921
  0.15434181
  0.44682980
  0.00037980
  0.25604241
  0.32550801
  0.39592404
  0.18025885
  0.45925591
  0.16714970
  0.12281436
  0.17323853
  0.54874814
  0.21302734
  0.56548392
  0.42411142
  0.05122619
  0.07525278
  0.25304595
  0.14389106
  0.07637159
  0.26214063
  0.73853469
  0.23877252
  0.49260011
  0.18438582
  0.38537612
  0.01117443
  0.08534063
  0.01639274
  0.47492055
  0.31929845
  0.27909631
  0.19063501
  0.41935743
  0.68780887
  0.25205764
  0.43516581
  0.47116987
  0.28612939
  0.25908184
  0.07121101
  0.58238418
  0.18966547
  0.36786940
  0.27172769
  0.16982290
  0.54303824
  0.06141105
  0.48920099
  0.33949238
  0.04128618
  0.13129535
  0.35445220
  0.28678633
  0.25498933
  0.56194584
  0.15730276
  0.08428119
  0.34921480
  0.22333940
  0.52974146
  0.31972947
  0.31059442
  0.07679474
  0.10272037
  0.40934707
  0.32192492
  0.09131871
  0.09680971
  0.06829343
  0.65974007
  0.10373465
  0.32727317
  0.21508580
  0.09265068
  0.27805714
  0.51411730
  0.13848449
  0.14559705
  0.32850903
  0.53734728
  0.03203606
  0.18142093
  0.48934357
  0.25263737
  0.44775402
  0.12561056
  0.05265587
  0.60916078
  0.36418386
  0.59649278
  0.43247463
  0.02531905
  0.03946615
  0.07857877
  0.15880670
  0.31036402
  0.09678967
  0.16617247
  0.11894814
  0.05742195
  0.23977417
  0.41791925
  0.14860857
  0.23281893
  0.40977959
  0.08226547
  0.62810747
  0.18615408
  0.55390791
  0.43717806
  0.06382951
  0.20150774
  0.13190905
  0.48444359
  0.50872697
  0.06796745
  0.06161371
  0.35535574
  0.13598371
  0.05094206
  0.05137016
  0.07367398
  0.21137831
  0.65245492
  0.45995433
  0.23221175
  0.11050819
  0.20579902
  0.13345028
  0.56304746
  0.17039271
  0.22724679
  0.16757120
  0.12523274
  0.01545221
  0.40938359
  0.31121963
  0.44456120
  0.03889722
  0.14808519
  0.10859661
  0.18516913
  0.13152189
  0.20722308
  0.04794000
  0.09998612
  0.17566291
  0.42707236
  0.25530511
  0.18030267
  0.24701991
  0.19877880
  0.10835000
  0.30068249
  0.05418916
  0.12674761
  0.16925576
  0.32947462
  0.08344630
  0.09699220
  0.16451223
  0.29000585
  0.18357742
  0.14294667
  0.51167224
  0.39264340
  0.14637616
  0.08679636
  0.04257386
  0.40449721
  0.40179689
  0.15387168
  0.04363674
  0.11435417
  0.29555969
  0.26745722
  0.27224878
  0.17423893
  0.60412512
  0.20787882
  0.62227976
  0.02606119
  0.08916413
  0.11154162
  0.03611920
  0.05030928
  0.07097806
  0.06054080
  0.07349831
  0.38902112
  0.40352487
  0.26040189
  0.23642267
  0.15076105
  0.04174053
  0.25274850
  0.33856829
  0.62368488
  0.19626076
  0.10890425
  0.17374008
  0.19359534
  0.55929041
  0.18802438
  0.11970893
  0.12767901
  0.11169828
  0.41147134
  0.40298257
  0.54389984
  0.27775749
  0.42275758
  0.05533693
  0.23264258
  0.46530777
  0.06230997
  0.12827657
  0.26342245
  0.30300750
  0.13666451
  0.32447667
  0.34381417
  0.09317291
  0.34840158
  0.27857878
  0.55631070
  0.06349055
  0.20665857
  0.15493919
  0.25219613
  0.29743391
  0.20243010
  0.32973823
  0.06561680
  0.33172745
  0.33982556
  0.30246349
  0.18043257
  0.16953522
  0.04162840
  0.09511351
  0.17979939
  0.43439442
  0.33378859
  0.23131183
  0.09088485
  0.52996534
  0.44698628
  0.03602874
  0.19265692
  0.15975497
  0.29141291
  0.06044661
  0.12756413
  0.31371149
  0.18894252
  0.39778143
  0.28524596
  0.27943400
  0.15814338
  0.27742295
  0.07514142
  0.12370143
  0.14534215
  0.11181915
  0.13709844
  0.15500030
  0.15703698
  0.29441946
  0.24334382
  0.07271318
  0.13167276
  0.32566914
  0.44611391
  0.03948449
  0.10833439
  0.19125127
  0.01851811
  0.21183403
  0.05751701
  0.03096917
  0.23755102
  0.14375516
  0.09809335
  0.72002372
  0.23028775
  0.50637835
  0.34128147
  0.30902603
  0.01766053
  0.27522791
  0.41691701
  0.04495552
  0.03601955
  0.22002180
  0.28902998
  0.10726145
  0.23030246
  0.01594035
  0.22460688
  0.34180378
  0.21493763
  0.32896024
  0.32230552
  0.25327250
  0.40076406
  0.16249726
  0.04451604
  0.17950788
  0.12844702
  0.13223240
  0.14131786
  0.28460157
  0.21140365
  0.02658093
  0.21930614
  0.13798866
  0.29847146
  0.29935643
  0.21604578
  0.37242131
  0.03167437
  0.05434197
  0.13667702
  0.00579925
  0.16835810
  0.05197786
  0.46503538
  0.24485171
  0.12073186
  0.05925123
  0.12971841
  0.25990248
  0.24944456
  0.08838318
  0.00381661
  0.04366220
  0.17848901
  0.24136467
  0.07785847
  0.32169778
  0.11151919
  0.15007248
  0.04548782
  0.12601499
  0.12187696
  0.18037990
  0.20910254
  0.15913105
  0.27970465
  0.11962724
  0.56937107
  0.15753143
  0.46250892
  0.27199075
  0.45317306
  0.29092296
  0.09037549
  0.04701354
  0.18750462
  0.23986185
  0.13835910
  0.20931025
  0.52196523
  0.15542996
  0.53310241
  0.08274951
  0.37103085
  0.09710241
  0.20759325
  0.08077483
  0.10165260
  0.13190111
  0.31101508
  0.61503532
  0.55792641
  0.04826537
  0.08967433
  0.32378734
  0.21615941
  0.28933960
  0.04318633
  0.05371287
  0.22289733
  0.22440052
  0.03659252
  0.04033654
  0.44928043
  0.50768766
  0.13311713
  0.32075899
  0.01097250
  0.46019662
  0.45082866
  0.19533925
  0.27172586
  0.00093769
  0.22442561
  0.02695090
  0.05023186
  0.22180720
  0.46656589
  0.22311731
  0.13812654
  0.13857247
  0.12149911
  0.16929430
  0.05828685
  0.60739429
  0.15655908
  0.50978370
  0.12807943
  0.44806732
  0.16402469
  0.23348709
  0.11003539
  0.31776071
  0.52336482
  0.15578150
  0.02034728
  0.50769329
  0.27401907
  0.06321763
  0.41253152
  0.43872813
  0.26756683
  0.58639723
  0.45481440
  0.21664002
  0.32696324
  0.23330459
  0.21611870
  0.37932768
  0.24415778
  0.06968567
  0.63251432
  0.37917167
  0.06229374
  0.02621881
  0.19949673
  0.05506301
  0.23318185
  0.20969155
  0.05259001
  0.16508150
  0.14381437
  0.46630606
  0.08731623
  0.19591361
  0.31764526
  0.18284048
  0.05071028
  0.71641639
  0.43770914
  0.44610025
  0.31103301
  0.11226127
  0.03730073
  0.46271011
  0.05900799
  0.28765712
  0.32457294
  0.26556302
  0.14528927
  0.13777598
  0.42744611
  0.02186770
  0.30023218
  0.09955460
  0.34226456
  0.08969934
  0.67706159
  0.07595848
  0.04547912
  0.07113832
  0.23790616
  0.44463466
  0.07138327
  0.37603926
  0.15282637
  0.15309831
  0.25460824
  0.20470992
  0.03450317
  0.18398635
  0.07327351
  0.09775313
  0.14813388
  0.24841467
  0.54616431
  0.06725571
  0.21128409
  0.08153180
  0.46632032
  0.06744435
  0.10246229
  0.27604371
  0.28400467
  0.25439375
  0.08131418
  0.39684155
  0.29270752
  0.23894109
  0.17528866
  0.04500919
  0.25121684
  0.48669157
  0.27686940
  0.00810562
  0.24053689
  0.20576941
  0.20390693
  0.06266324
  0.25736951
  0.46907346
  0.06811572
  0.08213342
  0.30625991
  0.11867063
  0.17457336
  0.19916206
  0.45361037
  0.25692640
  0.08369160
  0.30439613
  0.17792060
  0.15166529
  0.08009641
  0.01357724
  0.07614732
  0.32947599
  0.12144445
  0.41529086
  0.08161269
  0.06268943
  0.10424133
  0.02643418
  0.01868453
  0.20898074
  0.05315533
  0.55230458
  0.26164880
  0.05960184
  0.06937661
  0.55921348
  0.14722553
  0.45698290
  0.26417891
  0.27935754
  0.43243179
  0.11007022
  0.41758950
  0.13900543
  0.16041316
  0.45487158
  0.11039196
  0.38078540
  0.42973593
  0.17369814
  0.07621798
  0.15745969
  0.36297560
  0.07641626
  0.34619508
  0.40968429
  0.02626618
  0.26737483
  0.33088133
  0.20032916
  0.44860871
  0.07125559
  0.28763200
  0.14938105
  0.18827321
  0.39769944
  0.26314617
  0.26555698
  0.41942980
  0.40210054
  0.07430464
  0.29867274
  0.02444736
  0.57696436
  0.08061016
  0.19256535
  0.03953740
  0.21106532
  0.12391743
  0.31453001
  0.47708290
  0.16769266
  0.02421029
  0.33464513
  0.04186416
  0.22237323
  0.11796333
  0.35574924
  0.26801749
  0.24541546
  0.34383005
  0.34304767
  0.32474378
  0.60197067
  0.11170537
  0.55961757
  0.03821342
  0.24933433
  0.41020879
  0.57073664
  0.00646707
  0.14792227
  0.06919763
  0.17558507
  0.26912744
  0.04625897
  0.31705541
  0.40676225
  0.06233172
  0.26413015
  0.34192961
  0.05238713
  0.27981343
  0.08381017
  0.06499858
  0.61982521
  0.16772065
  0.24712702
  0.25164634
  0.12036335
  0.03295357
  0.04243505
  0.02028017
  0.14668706
  0.55418027
  0.58592617
  0.11604937
  0.27924396
  0.11291067
  0.27405176
  0.08449343
  0.08437525
  0.35275530
  0.12941090
  0.11146601
  0.06921964
  0.21416759
  0.33161919
  0.19002849
  0.27053994
  0.27567640
  0.22109902
  0.14386697
  0.45103361
  0.13690268
  0.60736850
  0.17980284
  0.06758395
  0.24633450
  0.00829590
  0.21222867
  0.03952499
  0.26786632
  0.30693011
  0.05348452
  0.23850989
  0.12177255
  0.19887360
  0.11491845
  0.41987055
  0.04974383
  0.02362572
  0.37326956
  0.04991159
  0.09349240
  0.36760643
  0.27436529
  0.31505850
  0.08167247
  0.01683346
  0.15609355
  0.21724734
  0.16767282
  0.26008587
  0.18098495
  0.21238681
  0.43877401
  0.27735165
  0.52899245
  0.06532918
  0.35284545
  0.44319860
  0.20758793
  0.37464592
  0.04282355
  0.49726887
  0.26971096
  0.23277948
  0.17211546
  0.19391799
  0.19551180
  0.29231132
  0.41899864
  0.02841659
  0.43454024
  0.23410175
  0.15621675
  0.18103174
  0.27185611
  0.15987385
  0.15530556
  0.22957556
  0.38927607
  0.30809682
  0.33572514
  0.15415137
  0.12389674
  0.41452925
  0.20517011
  0.39821904
  0.27468483
  0.25756532
  0.01235342
  0.45927253
  0.06427462
  0.46960510
  0.14450049
  0.14747497
  0.16856679
  0.03711968
  0.09830220
  0.36219108
  0.48227108
  0.11570641
  0.12450709
  0.09144518
  0.22039797
  0.09800643
  0.23361809
  0.09533901
  0.31170813
  0.18754745
  0.23165960
  0.26087543
  0.31504775
  0.05783157
  0.23412320
  0.09026079
  0.25248551
  0.11782933
  0.18885784
  0.08338497
  0.80185548
