  0.62964779
  1.88962334
  1.53342115
  4.50748069
  1.53679053
  0.03936658
  1.76033767
  4.41928983
  5.92825954
  -2.04977496
  0.87705778
  4.08511002
  2.15179963
  2.24694926
  -4.91816493
  -3.18892441
  2.46951162
  11.94158360
  1.33089870
  2.81510732
  -2.86317155
  -0.02017164
  0.44460888
  -0.04063698
  0.38540843
  -0.64158680
  3.51995838
  10.04657321
  -3.11827975
  -1.59340619
  -5.33168834
  24.47113612
  5.27353064
  -2.92304950
  -12.84072091
  1.46601614
  1.81656937
  0.09269140
  -0.18106848
  8.86667908
  17.10829766
  -9.37463353
  7.24250220
  -0.68624327
  -0.79868491
  2.13525567
  143.77412726
  -1.79729844
  1.08763853
  -279.11526644
  11.48419383
  -1.05189971
  -0.65019287
  -22.44486416
  -1.90930578
  1.93067313
  4.49291936
  -10.30984148
  0.57934505
  5.73933049
  -4.29499206
  119.41674873
  0.37689903
  -3.56823009
  4.21930961
  -0.05519272
  1.48787869
  1.33650153
  3.76625750
  -0.98774395
  0.53718215
  1.13763897
  -2.67933775
  0.11789327
  3.46987027
  -1.43601845
  -17.60749620
  0.72561974
  -7.18299478
  -2.82794087
  3.56834246
  0.61447009
  -5.28477746
  17.52755919
  1.45350017
  -0.54889175
  -0.29978851
  -0.69528195
  -2.01157286
  0.94835839
  13.30707708
  1.89079999
  0.09293860
  1.77007899
  3.12601924
  -2.44209549
  3.44612052
  9.38033882
  -2.42200741
  -2.23586111
  0.33901411
  3.45413254
  8.52578834
  5.59377238
  1.10309954
  -3.45165919
  -0.15905903
  4.12847056
  -3.67891668
  0.66958358
  -3.86314035
  1.18611807
  1.86467724
  0.28008079
  1.19496131
  0.54843355
  -1.04150245
  3.54031155
  -3.43530030
  0.15674504
  -4.52638318
  -2.01795380
  -2.28243597
  1.05741226
  4.07231360
  -0.36256423
  2.71901688
  0.88409218
  1.86354182
  -0.13075003
  1.15171302
  1.21335798
  0.45467789
  -9.93075713
  -1.47772141
  -11.89771858
  -10.16644132
  1.96330571
  -55.67309954
  -47.39474860
  -2.61263374
  3.49982209
  10.17309131
  64.07135341
  1.53804623
  -1.95912507
  3.66376512
  -4.08770201
  5.07902661
  -0.12830744
  -14.82594642
  -3.14288900
  2.83110372
  -0.93572028
  2.00090432
  1.60427865
  0.39584161
  0.31108060
  -6.48518076
  -0.28867615
  -16.04979292
  -7.21776260
  0.78411881
  -3.57120026
  18.96324483
  7.09192035
  -0.21091843
  -6.39223794
  -2.82387433
  -1.55847167
  16.83916004
  -47.49910899
  -7.94173534
  -0.95476671
  0.65942406
  -3.13244094
  2.14303033
  3.58912433
  -6.55502092
  4.97504831
  -265.06096880
  3.28267544
  1.77038779
  -8.14424300
  1.33605912
  0.27956853
  -0.52583557
  0.17974745
  2.53892754
  -2.68251840
  2.00407616
  -0.91869255
  2.38371333
  11.51189855
  10.20842399
  0.95379896
  -0.60877007
  -1.52641232
  -0.47917244
  3.46686379
  2.61966071
  74.89733035
  -0.30157659
  43.83566636
  2.72682008
  21.39089334
  1.08124510
  0.20681197
  0.16671543
  -41.79917859
  -27.77850505
  2.44864964
  4.69152253
  2.11037612
  0.79087833
  6.09192645
  -5.67461899
  -10.59732441
  0.49914620
  0.82583105
  -2.81246036
  1.71375450
  19.96569311
  0.28628072
  -2.41408727
  5.84170000
  8.24984536
  3.67561671
  2.14065005
  -2.63207486
  -12.20515147
  2.08543822
  3.34449676
  -0.98537634
  0.16435561
  2.22577696
  8.63433921
  -4.23898632
  25.23338854
  0.81892874
  -2.92034309
  17.79442111
  37.64083433
  1.73408816
  37.06996059
  -2.87409603
  9.37972678
  -1.97596135
  5.53329503
  1.28941492
  1.12833943
  1.60449581
  2.22385804
  -1.50161151
  -6.51299433
  0.56847906
  0.85589006
  -6.92779200
  -0.16630624
  3.53435640
  0.83149645
  1.22802583
  -0.39009669
  -2.05140488
  -0.05658647
  -20.21296755
  2.24999217
  -0.35222944
  2.61119917
  1.24045236
  2.91181330
  2.04956725
  -3.99667000
  6.84315336
  0.49000008
  8.81796725
  1.15415198
  1.06050394
  0.30944649
  2.78260358
  5.14037163
  2.05643965
  2.17995005
  -1.51684256
  -68.80189390
  5.54323217
  0.97110677
  -3.21954478
  1.66835343
  1.27721084
  -0.85423519
  -0.71622222
  -0.18798793
  1.84899174
  1.86863078
  -1.60586717
  -2.38748408
  2.13836396
  1.22406912
  -6.53198867
  -13.51647974
  -5.97836539
  -4.10895192
  1.12332345
  1.34964084
  -18.05321714
  0.48584809
  1.81795430
  2.00015288
  -0.18701007
  -5.40843480
  0.31215354
  5.07993725
  2.77638001
  -1.83478187
  0.47247657
  4.92252870
  0.00799564
  5.13948207
  0.12029719
  -2.53771615
  0.93248368
  -1.10104111
  5.90716124
  3.75064874
  5.61688540
  8.00258100
  -8.71394409
  4.72918531
  -29.38078134
  0.91915007
  -1.20270465
  1.35119834
  -3.32267627
  -0.80080095
  0.32904845
  -0.75313869
  0.09726457
  2.69083120
  0.16425299
  -17.02432920
  0.13470728
  3.29843666
  13.45337601
  -1.77344378
  0.03741720
  0.82318626
  0.52324201
  8.59694669
  0.31198385
  3.78862953
  3.30618231
  -6.17543865
  -1.73900911
  3.17064637
  -0.93091356
  0.37233363
  -15.26616538
  -13.92751328
  -2.63727108
  -0.63905735
  0.02014446
  1.17127046
  4.16490634
  3.87373932
  2.09034509
  0.16626376
  -1.00218369
  -2.04309853
  4.50170616
  -0.71635249
  -0.60589702
  0.33343528
  4.91700158
  -1.73261437
  0.16190752
  57.93128344
  -0.00389645
  2.77731214
  -0.53213186
  0.18704729
  -4.10896874
  -1.61215109
  5.57738522
  6.06634925
  4.95626667
  -1.43681766
  3.87981591
  -0.71694521
  2.59854384
  0.33392881
  -1.05182381
  4.59764359
  1.94893095
  4.22030165
  0.32780898
  -2.25579808
  1.58966076
  -0.52398969
  19.38321433
  3.90902389
  -97.43234390
  -4.85209568
  4.09435448
  -17.15113546
  -0.14117766
  1.76732977
  -169.10172091
  8.57746262
  2.02101210
  0.34062383
  1.47429869
  11.73760531
  -8.75780071
  87.10947189
  -1.16320851
  -3.31311329
  -0.05374284
  2.55805721
  1.12814288
  2.30605797
  642.48576396
  2.13128262
  1.93943408
  -0.85782648
  0.53652756
  -1.24858913
  1.77026602
  -2.12223395
  1.69559489
  -4.72871976
  0.41295355
  2.51071720
  1.87910502
  2.92463940
  -1.01009231
  8.04616259
  6.92956396
  4.08505250
  -1.25465794
  -1.46261056
  2.21126686
  1.81477181
  2.87731550
  1.17286259
  -93.71185953
  1.01749299
  -19.84477598
  21.88865264
  2.47367363
  -3.27386701
  0.62949000
  2.57290331
  1.28894075
  0.88330662
  8.02762360
  1.42887110
  -10.99848949
  5.45120314
  0.98279481
  -0.25998079
  -95.89971471
  1.31685757
  -4.34180350
  23.76917295
  0.74149058
  0.01036566
  -9.04988249
  1.28646169
  -3.95842258
  5.37732304
  8.04176897
  16.29919178
  -27.38203751
  58.68451008
  -13.21748075
  5.59113859
  0.92087534
  -3.97164362
  0.84127668
  -1.64438237
  -3.80091221
  -4.38064541
  0.87127448
  2.42323789
  -3.77485822
  12.51191257
  8.88344592
  0.32120778
  99.92876434
  0.18788658
  3.14003415
  2.27592802
  23.63089291
  -1.00693707
  0.27940973
  0.93417531
  0.63159009
  -15.79208594
  1.62264792
  -0.85786293
  -69.28397524
  1.89259840
  0.02300058
  -3.14340163
  0.26558438
  1.67450077
  1.36338737
  3.42298335
  -9.33087868
  -1.18958871
  0.14799305
  -1.47279622
  7.89622875
  1.25734374
  11.34577343
  -2.03607134
  3.29152392
  0.57595618
  -0.26760777
  -26.13507515
  7.74132876
  -7.53810196
  -1.39948341
  15.11776332
  2.46198437
  3.59434917
  1.57650666
  -1.10514264
  0.12159016
  0.37602155
  -6.64722595
  -1.88334077
  0.84506351
  1.69285770
  3.84716989
  0.04096775
  1.60330974
  2.42661483
  1.49173717
  1.54998055
  -98.24901317
  -0.94122639
  0.98541539
  -5.31558860
  3.36304551
  0.96473057
  1.09963112
  0.42267193
  4.01921141
  -1.61536558
  1.97195420
  0.44164453
  -2.14888034
  0.06039937
  -0.00615748
  3.98771225
  -0.10096740
  1.15544460
  30.29657395
  0.42279720
  2.99964023
  3.24941130
  -0.86210875
  1.16124069
  1.35407824
  1.16642996
  -6.85665195
  1.26784507
  -0.28946510
  2.38675743
  -0.44595696
  2.10822318
  -2.40069495
  -88.83704964
  28.32083294
  -7.59236772
  -0.84190137
  -0.97461979
  -1.18690857
  -11.23302497
  4.05874249
  1.28936324
  -4.66730561
  2.64262923
  5.69233741
  0.60519403
  10.13956907
  2.02575828
  2.32845997
  -5.95918039
  -6.88546939
  -4.19570125
  1.47207721
  6.71535869
  -14.41324796
  -6.58597085
  1.87834971
  -5.66456307
  0.39923784
  -1.15371550
  8.99000118
  1.61351490
  2.23337056
  -5.29636037
  1.10033732
  1.53788096
  -1.43852889
  7.73718928
  2.46265355
  1.78817239
  1.71959717
  1.60172372
  3.81961836
  16.55665424
  3.43456316
  0.34294425
  -3.09290874
  -5.39759549
  3.22613217
  -4.71072768
  0.56559658
  0.01628198
  2.60594275
  1.53645812
  -6.86325110
  2.74075901
  1.63945442
  1.08128254
  -0.48968586
  2.96719095
  2.98750449
  -7.17669685
  0.07965367
  2.19619426
  0.50267322
  1.49116488
  7.21326698
  -3.31955614
  0.74100507
  -0.06780182
  -10.33904365
  -0.91661854
  3.59091890
  -2.70610472
  129.61113558
  3.47010161
  0.98225016
  3.97435349
  5.00956334
  1.89067718
  5.03837030
  -8.97905243
  0.62144913
  3.97267331
  -7.79847302
  0.15096254
  1.53291818
  13.27624812
  -6.51117732
  0.09995732
  -23.31378210
  4.95208267
  -0.73093886
  8.15918257
  0.44720729
  2.24251995
  -1.57346639
  7.48785831
  3.13649101
  612.05859353
  1.96829195
  3.86817431
  1.51082584
  -3.04179632
  2.16291063
  -0.47725103
  26.58230255
  -0.20646621
  3.25678962
  1.54199291
  2.01840407
  -6.34583466
  3.23498211
  1.64107699
  -21.43369408
  0.55552444
  -11.39941486
  0.67773451
  1.56282155
  -1.80209506
  5.85128736
  3.75626865
  -4.97927693
  2.85219417
  3.87077919
  0.45133234
  3.17895878
  0.86401494
  -1.89750445
  3.03520625
  1.57096252
  5.74948964
  -0.90485026
  1.20148333
  8.66089578
  1.32554662
  3.85542584
  2.18785195
  -0.05988674
  -1.67307385
  2.09358216
  3.19986398
  8.10061987
  -21.83925761
  17.55023409
  2.02603557
  1.49445806
  3.97210627
  9.23051413
  2.44937845
  0.07114109
  53.58006801
  6.97248648
  0.13908403
  -2.15689485
  -3.16921945
  -1.62558809
  -19.31580967
  2.96043079
  8.05079046
  3.84474504
  4.13265049
  -0.56372961
  0.29074272
  4.95085159
  -0.07252360
  4.84001303
  1.00326100
  2.59420517
  2.42451611
  -1.92222216
  0.43426318
  9.22824866
  -1.53462465
  -12.58431938
  1.81462052
  5.48206097
  -1.01439743
  -2.13547788
  -41.96598433
  1.23322183
  -1.03088692
  3.98594868
  -16.70704503
  2.27884936
  -8.23070200
  2.14667632
  -5.50126727
  0.69408016
  -2.90889101
  -2.79441084
  32.98109761
  3.24006810
  3.47738358
  5.00698248
  4.45824580
  1.69475491
  4.52595036
  1.59857887
  0.81325513
  -1.69084088
  3.94286966
  -0.36501243
  0.81416133
  1.63352423
  2.40058717
  -6.92998472
  2.51999920
  0.96655498
  0.43260599
  2.92868683
  3.54747708
  2.79934670
  -19.90902857
  0.56410174
  -57.99449148
  0.22132564
  -8.52039030
  2.66107598
  7.30788616
  0.62363097
  0.75661320
  0.59446718
  1.22966038
  1.30725377
  21.96785055
  1.57453903
  -0.28362932
  0.89536194
  0.33652044
  30.27937015
  1.22583696
  13.32103027
  1.77978033
  2.29177900
  2.06949740
  3.43704426
  -15.88986820
  18.57670610
  1.37638492
  0.56683071
  -4.97740308
  -1.70858924
  -4.91125642
  0.09610328
  -0.08703885
  -10.77341605
  1.30567024
  4.24227705
  -3.83647529
  -7.58938979
  -2.01695467
  2.27473183
  0.04433153
  -2.05810656
  2.24946450
  6.07314302
  0.89894034
  10.82489972
  0.61977595
  1.15920507
  2.67670155
  -0.33591826
  -1.83255702
  0.43812908
  2.56436329
  -1.82534926
  3.16712820
  1.05311698
  -1.77646992
  1.35537227
  2.31394657
  -1.23190467
  18.45391558
  4.44767153
  2.48097230
  -5.35281764
  2.09188970
  -17.76300098
  1.95300093
  -0.23094694
  3.68244021
  -21.63400698
  1.92763755
  -3.07724089
  -2.33221696
  0.45801400
  -4.50952419
  6.05244948
  6.48019238
  9.30946905
  -1.25283381
  -13.14833241
  -3.60010497
  -0.28504661
  2.59141808
  -0.67541099
  4.54519864
  -16.85080430
  4.49171322
  3.22124362
  1.81020167
  -12.45348466
  -0.28278461
  -0.03856171
  -0.65976975
  1.24936632
  0.15679895
  1.77125077
  2.54716923
  1.56798221
  -0.62180032
  5.43424819
  -10.68263447
  5.15884445
  -1.77334403
  1.69630790
  -0.51248529
  0.23663693
  -4.48994135
  0.77835255
  -0.22842051
  1.88587203
  -5.78103997
  2.15227307
  -1.45547629
  9.44487418
  -1.49237209
  2.36549757
  -5.05641819
  1.96702125
  -9.10297137
  2.49645354
  0.21930212
  1.50239789
  6.95926272
  3.58429302
  -33.29555346
  1.86896824
  3.45220606
  -0.28022167
  -5.73670525
  3.49425146
  0.96108747
  4.33560637
  -4.38236463
  1.57533865
  -3.84087044
  6.96666333
  0.37200098
  4.90145847
  -2.50178581
  -1.87106597
  12.94222766
  3.97199576
  19.28249282
  -16.46703252
  -1.49447299
  -3.68169195
  0.74834356
  1.87350383
  0.29112438
  -7.76937879
  -0.79810335
  3.54889562
  1.50453484
  1.17256381
  -10.98402462
  0.44572379
  4.44055095
  1.68917724
  0.47720488
  -6.55162860
  4.34958131
  0.75694365
  0.86876830
  10.83237131
  -1.06452764
  0.65031912
  2.01749370
  -0.70545225
  0.95189066
  0.09179577
  -22.84627802
  -0.79229373
  0.65142383
  1.57820785
  0.93975192
  -1.27895840
  -1.72492981
  -3.48096370
  0.43302167
  0.85201182
  1.12939640
  -0.12515360
  -0.03962905
  0.99878380
  2.55553154
  -1.70350387
  -0.14627532
  5.01760162
  2.77521845
  2.67970262
  -17.43526687
  8.73075951
  -1.18959900
  -2.03202238
  -0.67942127
  -1.63798197
  -3.46267028
  1.75954953
  1.41007841
  25.32933300
  0.93354292
  0.79029036
  0.54944037
  -3.31852089
  -2.63895132
  3.45739706
  5.59885630
  -0.38462308
  23.87763975
  -1.57163678
  4.33797818
  -0.89618873
  1.83887978
  -1.52730018
  0.53475116
  1.35838120
  1.09290258
  7.72391391
  1.65350879
  6.73855529
  0.43896233
  2.21563867
  0.37463830
  -1.90554223
  -0.59714598
  -2.17650880
  4.03245992
  2.55193537
  1.84958981
  1.42929883
  0.31246857
  0.48749283
  -0.31389920
  1.30301897
  4.21923274
  25.16921851
  -11.30956783
  -1.11409034
  0.93565216
  13.60539388
  0.18979254
  1.10705435
  5.56097174
  -3.75999767
  2.44903341
  -2.85200496
  -30.72199090
  -1.04025994
  0.75056139
  4.25432421
  -1.23297054
  13.45458726
  9.39470722
  1.07415745
  2.23654313
  2.39513858
  -2.23417865
  -4.23749937
  1.59537608
  2.66098670
  7.72918866
  5.37692734
  2.34431245
  1.76788413
  -2.35000698
  1.26311759
  8.67031875
  3.90346202
  0.61193095
  2.04295204
  1.99608411
  1.08256073
  -3.63995402
  1.29440568
  1.38345837
  1.84300209
  3.59714497
  -0.73872466
  4.65497208
  3.18678374
  14.86738396
  2.70474128
  -12.64335449
  -1.13245666
  -19.14865902
  1.11752321
  -14.32801163
  4.15659932
  16.19703268
  -2.05737227
  2.02911552
  -9.49381965
  0.10413265
  5.86657629
  1.22296947
  9.97330596
  3.91689584
  -7.05023159
  20.15040082
  -0.65684902
  5.63783377
  -2.43691373
  1.47851209
  6.60299350
  4.56920499
  -3.65999155
  -0.21517082
  -2.17701152
  3.27465929
  1.54348520
  1.47798208
  0.36642709
  0.53079515
  2.18841648
  -6.06843253
  16.31045444
  1.70540024
  -3.47687417
  1.26111603
  1.12503332
  6.27204482
  3.08793657
  0.70592247
  24.46386291
  1.45180103
  -3.67569994
  -1.54628778
  14.91037171
  0.47878374
  26.12204736
  2.88556443
  -7.33657074
  -6.58516598
  0.00912175
  -0.85137456
  1.61126983
  -3.92535898
  0.39353543
  0.65361568
  -4.46391814
  1.88012657
  -9.31049442
  -1.00551576
  0.91852872
  186.78027834
  3.09888949
  0.97577326
  2.07856826
  0.02551890
  0.04241051
  -13.15913536
  21.72612740
  -0.06519538
  -0.25579700
  6.37016865
  -70.14726090
  3.14708572
  2.58030331
  -218.77153865
  0.79659572
  -13.49136381
  1.49312819
  -6.90499547
  -3.60387752
  2.19856401
  -4.83477994
  60.30254321
  7.55712041
  -4.81775979
  0.45833181
  1.91032552
  2.60283429
  -1.52687074
  -23.01222705
  0.12756771
  0.80242537
  14.76483476
  -2.27770246
  6.20554727
  8.41812234
  2.83190433
  0.57036249
  0.05323243
  -0.86438362
  3.01313218
  9.04821573
  10.48650298
  -3.27052845
  8.62101074
  -65.66539928
  1.44191450
  -2.88976474
  -19.79656599
  0.88556148
  -32.86129392
  -7.97404944
  -11.32755060
  0.92657160
  -8.42602606
  3.02172316
  0.74484483
  2.21703477
  3.35507310
  2.38092070
  0.01387925
  284.14182149
  1.86572945
  2.54246672
  53.47675485
  -0.71355247
  1.34375667
  -377.38603321
  -4.79392309
  -0.70509824
  -0.63679239
  4.80787292
  0.04240657
  -1.40070498
  1.46195351
  -0.64672690
  -3.49980423
  -21.01737744
  -1.33715227
  2.32221084
  0.74958033
  6.32446196
  -3.46048262
  -24.72034121
  -4.12117877
  1.78482447
  1.10287916
  -4.68358905
  7.61636040
  2.27804626
  -6.95641896
  -1.42213212
  13.90067462
  0.10379329
  2.63181905
  -2.26802101
  0.34423347
  6.44427989
  -0.81576355
  3.54566082
  -10.50966521
  -1.14774228
  2.91196726
  3.10312439
  2.05456996
  5.72926742
  3.04964591
  13.49910804
  6.35869436
  0.81118977
  5.68063196
  1.33657791
  23.88009191
  -4.19882509
  2.60273701
  1.71738379
  -13.01809992
  30.96224248
  53.19756726
  0.26796119
  1.44375314
  0.04767696
  0.23876283
  1.97484398
  -1.67144405
  3.66572347
  1.11793781
  -5.31756339
  0.23798985
  4.85604212
  0.17126321
  9.34071762
  7.34562989
  -2.43692757
  3.93229170
  -23.37246151
  -0.66957879
  1.10038284
  3.89728339
  3.17181995
  -1.14576350
  1.72027900
  0.17416025
  507.15923346
  -2.24509894
  -52.24699901
  2.05092778
  -1.07574073
  -139.47932769
  3.20172836
  -4.06597862
  -4.85546339
  1.53333384
  -4.53361579
  0.71183928
  -1.96760644
  34.35177317
  -54.18911311
  -0.82553356
  1.94309927
  -660.78837144
  -0.62924398
  2.29742533
  3.76540888
  -23.74212326
  2.47030232
  0.55504510
  1.72165406
  -5.32201743
  6.45994957
  -1.36054770
  0.23937682
  -1.62126528
  4.64715555
  2.43382901
  -1.35091931
  0.13935491
  19.45215957
  1.17224570
  1.50572385
  1.12159132
  -4.58026066
  0.66782022
  5.13442528
  1.54910025
  2.23739921
  -3.95470677
  0.53673997
  -34.31566855
  -0.25094163
  0.33425659
  2.69477901
  -1.49223661
  2.17943697
  4.19805911
  2.18512029
  0.91853974
  0.69086270
  1.57730005
  -1.28086396
  -0.60226086
  -1.02596761
  5.03366659
  -1.35861217
  5.92860161
  -1.58147300
  6.47657648
  0.66693380
  0.63780339
  0.31298736
  -4.78903350
  1.14549861
  3.77833143
  -2.80712582
  -7.35817519
  -0.53179994
  17.48042180
  2.23116947
  6.00996766
  2.29060819
  2.45613253
  0.99703387
  1.29484209
  7.89049673
  -0.69292812
  -1.36997409
  2.21306521
  0.89149793
  2.31635923
  0.42489681
  -1.55081891
  11.79712994
  0.90059074
  0.85039634
  1.07165459
  0.65712335
  0.29378721
  -2.20065952
  -19.73580022
  3.61948058
  -2.01392486
  7.30191987
  -1.42107471
  -7.33612299
  1.40042818
  -2.96548168
  -1.73700039
  17.95177504
  2.53883908
  0.51038170
  -3.58782430
  0.72818801
  -14.15063968
  -24.69990686
  0.69135516
  1.62846522
  2.73252595
  0.61618966
  13.82616162
  0.15132925
  23.47601507
  -4.42686879
  0.09809213
  5.72844042
  -0.23058293
  2.13068055
  -0.31487302
  0.82227683
  -23.02546038
  5.45283760
  2.89820384
  -0.78465604
  3.49446468
  -2.46478079
  1.64050260
  -6.45304505
  -19.00926755
  4.17563021
  0.72768143
  1.89464876
  1.39571428
  6.90057877
  -6.12101974
  1.84379817
  0.47332135
  3.58504310
  0.65373783
  -4.09296619
  -7.57948662
  3.66899016
  2.48663109
  1.88739671
  -2.61926064
  0.93126179
  1.17295610
  3.44467348
  -3.44664727
  1.58731123
  3.01747373
  -1.17012831
  1.36025214
  -9.02371678
  7.38826782
  0.01042585
  -52.73599724
  -2.30754380
  2.79775609
  -1.59411985
  1.64828505
  -27.58947814
  -11.65777126
  1.51638154
  -1.55305333
  5.01789478
  1.61776831
  2.03507460
  0.71914402
  0.91984580
  -0.87314931
  -18.78639424
  2.66312398
  -0.07606664
  23.65944708
  1.01632072
  2.05085534
  26.17212582
  -1.09142611
  -0.53576198
  1.17966493
  4.64187701
  59.80291288
  8.57360461
  2.14338903
  2.40028594
  1.90932961
  0.39987994
  -0.04948049
  2.86547815
  0.36582323
  -6.88394102
  3.21194445
  -7.59656769
  2.08218000
  -0.60056119
  1.57302836
  -2.37366431
  -0.10243796
  -1.17184458
  -0.20851400
  2.45680465
  6.37080972
  -1.22007959
  3.08207629
  6.61392059
  -17.87002216
  0.14912284
  -23.82563588
  -0.19752005
  5.34780752
  1.80144554
  -3.34768952
  -0.41497909
  6.33860854
  1.78784772
  -0.38813836
  4.80230278
  1.25054281
  1.37746618
  -3.79590748
  2.08342788
  0.63121480
  16.74676947
