  23.83298365
  26.76911892
  26.78037073
  27.52336827
  37.35191339
  24.60406061
  28.79050697
  16.09813193
  29.76964474
  26.09244193
  17.60324703
  23.28399811
  23.11401951
  17.37230555
  36.25429932
  13.44319773
  27.70860476
  21.63919672
  48.00176497
  39.26624834
  20.33977864
  25.28623241
  43.83914383
  20.62502067
  18.63692549
  34.78131412
  23.68119198
  23.08982267
  34.21444053
  26.61696147
  33.20820052
  23.55539879
  17.78015309
  32.49939833
  12.63186960
  15.02708779
  32.73959998
  26.50204799
  21.36543484
  18.51081833
  22.31765367
  31.62193996
  18.04420987
  22.98282461
  25.33701846
  21.69127546
  16.91613586
  16.77959655
  27.86635934
  25.64025148
  19.90654216
  17.10638503
  16.33329409
  18.19621061
  33.89759917
  30.50147626
  27.86264433
  25.49719448
  23.31319064
  19.21969533
  14.06744237
  10.02224212
  17.84668881
  26.78456382
  32.96785289
  35.90549995
  13.06888028
  30.81912538
  28.30886425
  23.14376809
  15.31461841
  12.86581250
  24.30997123
  21.56923228
  17.64029188
  47.83192923
  14.74651337
  23.92368582
  28.76278681
  15.28440344
  27.55653695
  26.10966219
  20.87661634
  29.97664417
  28.31908564
  29.51026020
  20.70750742
  20.97413415
  21.36140299
  25.26525500
  22.51157388
  35.17532425
  24.33119222
  15.69233686
  23.44307708
  17.65112866
  18.05266302
  28.75525664
  13.57724406
  32.18655096
  22.50529749
  40.98227441
  17.55007423
  41.80216324
  36.70323995
  25.42009184
  29.01694180
  15.30254466
  24.53665300
  21.67408095
  24.45927730
  21.16513862
  21.93928075
  29.09845766
  30.18939478
  31.04356127
  16.68428395
  23.41623529
  25.50524888
  22.90015212
  36.01672613
  28.87925428
  24.90631337
  27.21869872
  20.23713656
  21.62291022
  27.87929185
  18.08120576
  25.73678986
  13.30874310
  16.60638284
  26.15499691
  23.40407175
  28.30644213
  15.82857818
  35.90715943
  18.73154325
  35.61647632
  36.01512137
  17.92298348
  19.80619891
  33.17191413
  40.23645932
  35.24847496
  24.73879899
  26.16019685
  20.33582906
  20.42556415
  30.42050884
  12.71653133
  18.81121041
  24.43299414
  40.93950692
  33.26001369
  15.45285731
  31.73931781
  23.07686541
  13.23067359
  20.64706760
  25.56182662
  33.45504016
  22.51037222
  18.47278506
  20.49594202
  22.96716960
  18.86516346
  30.66754781
  22.56585125
  19.02880889
  19.27959503
  20.49480023
  22.96855348
  34.99083482
  34.21654879
  18.22597127
  20.88044121
  33.53493826
  16.13647890
  12.69783820
  27.54644720
  22.98734656
  44.06168220
  17.20629013
  30.03323338
  28.72559739
  20.23057480
  19.56684624
  18.37900113
  16.20947593
  29.89283222
  31.07889779
  33.92541179
  19.24172251
  27.70269682
  25.56709268
  25.05689389
  17.23905245
  30.07701433
  24.62400547
  26.41971647
  36.56337153
  21.45589316
  26.04560177
  22.10627572
  25.94428848
  47.48401677
  36.80071568
  16.70192275
  18.98435650
  16.42582002
  29.63023032
  22.93294900
  22.56809954
  29.17902698
  19.96582678
  24.78711044
  12.90705058
  20.23050826
  27.95758406
  17.35041630
  27.23911523
  32.38333233
  19.66100099
  19.22686185
  25.84736427
  18.48122918
  23.67103224
  14.89198851
  32.80224386
  19.79936782
  23.08733091
  18.66962546
  27.30003866
  22.18391518
  29.64044261
  26.82440898
  20.08066848
  15.87770005
  24.88568812
  23.22067976
  19.02435324
  23.27541923
  22.23364157
  33.71114166
  25.50951831
  23.22104023
  31.94390385
  25.52866797
  25.54582050
  25.88230366
  29.51952891
  28.65241982
  14.87194712
  20.02195346
  13.79842697
  25.95395418
  30.28102896
  23.75896407
  28.38885041
  15.55371789
  16.54754098
  38.53863383
  15.27112157
  15.69736470
  19.71925361
  27.03628036
  15.88798083
  26.78401196
  27.61516743
  26.99699699
  22.99386879
  15.83426895
  16.22027606
  22.12122164
  26.77926071
  30.56363449
  25.26537778
  31.19548300
  15.02954794
  28.93029897
  26.62794418
  17.20094350
  21.91169104
  20.12441038
  32.49996825
  33.68141850
  27.95131523
  14.40678712
  33.67767464
  22.46976816
  45.32881527
  22.33589697
  35.67164918
  40.42609541
  29.07518444
  33.44238807
  17.43986358
  20.97818667
  21.57961916
  26.79774193
  15.37593639
  27.12802639
  23.60995922
  23.97976689
  18.77379272
  33.18499198
  30.87811976
  23.30348206
  24.56249774
  31.37978032
  37.06313821
  25.66186560
  26.07458514
  28.90410007
  18.94520028
  31.81559109
  28.38974141
  29.70912616
  22.43838775
  17.32807286
  34.02873077
  22.84823708
  21.90010840
  25.01059635
  29.63409651
  23.25408814
  19.13779441
  27.70219955
  19.95296629
  19.92466794
  12.76402112
  14.64720747
  15.78030651
  17.56065767
  32.51789468
  34.71105723
  34.84782978
  24.40163630
  33.61106002
  24.40449529
  29.56157741
  29.92045602
  23.24930512
  32.68910207
  12.32703206
  9.93961016
  14.55139983
  39.35318764
  24.22390657
  25.75535484
  21.40199334
  22.97582379
  25.74265903
  27.58751175
  28.52900415
  26.24431284
  16.06417824
  16.10211789
  21.86462410
  26.00829859
  16.79899003
  18.50429802
  22.19249950
  29.09681505
  24.67399402
  23.80305081
  30.37975479
  18.73440430
  30.05184454
  31.73010292
  18.80724124
  29.29653056
  29.80399840
  28.60044530
  28.15402302
  33.01201431
  28.07169388
  18.14124804
  16.34385050
  19.56015045
  16.97643137
  30.13144632
  34.88640658
  34.77887766
  27.68767226
  21.40391046
  20.60613426
  22.48523182
  30.00104896
  20.68141949
  18.81134132
  20.90434000
  16.35616011
  21.52856502
  15.63967853
  19.25216328
  19.19845116
  16.01950484
  14.36911016
  22.65269476
  32.45580116
  15.66149445
  24.87391196
  16.42471151
  16.79578502
  23.07592199
  17.96017877
  49.29549730
  19.19541375
  24.19812264
  22.84929346
  20.34086468
  26.67262289
  13.85857856
  34.67503056
  23.37879427
  34.48794604
  24.57763442
  19.86747290
  28.36228028
  24.84421078
  11.99301376
  23.89925527
  24.80506897
  18.87540206
  23.25050467
  25.42357503
  21.98120501
  30.02577333
  21.72171647
  30.66161578
  19.66098440
  20.56759466
  17.08442945
  26.35690108
  24.78507486
  23.59183356
  17.82028322
  36.81365486
  34.46385541
  27.78185212
  23.54818679
  25.30351471
  27.16936831
  23.26766298
  23.08340424
  20.73088951
  33.81014423
  27.81696108
  22.90856817
  21.33369044
  13.78023840
  24.79186494
  22.57320748
  36.74998965
  29.70808712
  11.30110259
  24.20503340
  19.59157334
  29.05654940
  18.25030743
  26.97584149
  29.38986110
  18.12180990
  23.77931334
  28.29332339
  16.94579915
  26.26794416
  32.80895873
  35.10386403
  13.48399901
  12.42298370
  47.41707821
  28.39963589
  22.34677012
  25.73313943
  33.55268797
  36.87876655
  26.58565548
  34.93433093
  21.55932747
  32.00879257
  26.58388397
  23.53646012
  27.34162592
  25.85991300
  24.06654433
  26.49636795
  19.12120920
  23.38340732
  30.97096244
  15.27146614
  20.24236967
  16.73481563
  23.90594418
  27.91686729
  19.96828097
  24.92141973
  22.14461761
  21.91809306
  38.03418827
  31.67748138
  13.31360150
  15.13793229
  28.93773521
  16.15661038
  28.01536778
  19.14885824
  22.40808197
  46.43801715
  30.82136934
  22.21526245
  31.32024370
  42.91868567
  40.96704899
  26.46331834
  12.34095132
  11.14898757
  13.77598541
  14.58221220
  24.18722690
  32.21325143
  22.11514810
  27.86980172
  26.13535385
  16.17066880
  20.65156338
  22.18758581
  26.53030614
  17.05488259
  19.42926119
  24.20197604
  17.08617876
  16.59801957
  25.33629401
  15.11707464
  30.24957295
  22.99749449
  20.30799158
  13.97754194
  31.04398597
  28.48126110
  38.01700837
  36.94981045
  51.66552692
  30.16463111
  26.46946472
  22.70552664
  18.94741417
  25.38583227
  22.70342193
  22.52368324
  39.40305977
  33.58732357
  20.58686123
  33.50841466
  19.73227107
  22.53140660
  18.23799434
  28.46959800
  16.63596180
  26.76882733
  24.08482652
  55.88275497
  20.28989978
  29.24555697
  23.60853017
  15.87427106
  19.39364616
  19.01618851
  29.66223913
  22.43910198
  25.56505218
  25.39786197
  23.94937297
  26.82147032
  16.71391813
  11.05212868
  22.96947268
  19.19864710
  34.16918397
  24.73683888
  26.91556991
  20.72058809
  35.82251670
  37.35245859
  38.19221698
  23.85776474
  16.17356103
  33.23619212
  14.95956692
  37.48136494
  29.72945229
  25.97220872
  20.54127231
  28.98318190
  29.30396298
  19.11478412
  24.67927848
  25.23381430
  22.85666726
  18.50796737
  19.30288234
  26.32464899
  18.85933171
  29.97638204
  16.98593230
  13.18939396
  24.02163201
  30.54012779
  51.47355038
  22.33104468
  21.52355867
  21.33150583
  31.00596769
  32.55984043
  27.12611565
  24.13388943
  26.30889603
  15.47788922
  23.36745587
  23.90631702
  14.87669036
  29.82093494
  17.84002061
  25.56740196
  17.09726430
  31.33197437
  26.19042828
  39.45912509
  10.13289170
  30.72534433
  27.15199996
  13.69921791
  19.11161950
  27.05044620
  24.10742890
  20.20267794
  30.34048969
  28.46936598
  19.82225350
  25.58959912
  28.76392138
  28.01212434
  21.95681840
  23.05841786
  31.84699529
  28.56949346
  26.90132108
  21.82718012
  21.57483961
  38.03514730
  31.50531850
  12.59481535
  11.89271597
  36.38458607
  17.17770083
  37.98686879
  21.16941043
  25.82474705
  16.82873114
  23.83774140
  22.37482575
  36.71489017
  21.16938018
  24.17016257
  19.25541777
  25.47353469
  22.96087199
  31.98665237
  32.42303744
  32.28109661
  39.04863999
  20.17076500
  17.75580649
  18.82806975
  20.12124807
  40.08688920
  17.18048589
  11.93418272
  16.13966717
  29.01726958
  24.49725972
  13.96419855
  18.79520199
  20.23693954
  24.87244434
  19.88429783
  22.43989718
  25.16655839
  26.81886974
  20.64218594
  16.77108019
  16.49663554
  21.52649999
  15.43668293
  21.49854243
  41.05787303
  23.46379729
  35.30277515
  20.03428194
  31.26283234
  24.55121708
  20.05872570
  22.42203848
  34.07378100
  39.91715012
  19.98149313
  20.42836459
  28.16278870
  37.37009138
  26.42657766
  26.54416716
  19.43510682
  21.25368613
  24.10678967
  16.62711549
  22.65165491
  13.46961479
  27.87306650
  30.59009321
  14.27562522
  39.06927786
  41.91040094
  21.41388575
  21.81903681
  21.55565868
  27.71423790
  16.37954161
  19.61337370
  35.39638036
  25.83839847
  18.77930136
  12.87590795
  14.46264663
  34.05229940
  20.96016778
  15.42593670
  29.42924514
  15.32064460
  36.29121886
  23.42552371
  29.80635783
  23.86593281
  15.35445089
  22.86268343
  31.95625041
  29.66093494
  23.54967846
  25.89323264
  14.59762432
  23.40174482
  24.82526548
  30.71944893
  15.40180116
  16.32728863
  27.07932648
  28.92827439
  16.78282246
  26.77939865
  18.63105990
  34.79642581
  18.00420644
  26.38429458
  24.16052149
  11.35917555
  24.16996342
  34.96897325
  16.25546454
  18.98982826
  39.35756950
  37.24003045
  16.21321922
  17.80572344
  20.38573628
  18.75243998
  39.59843622
  31.26330931
  20.16684440
  19.83344079
  18.46930297
  34.27101373
  28.78275473
  26.67715531
  21.58953274
  22.70641777
  22.40264560
  33.95264250
  29.73288921
  23.46719392
  37.09023541
  17.24724393
  19.02872490
  35.49749820
  22.68296045
  47.37027803
  21.40966096
  43.89626618
  22.20301193
  22.38467137
  26.55466104
  28.47761522
  22.72395764
  30.12645850
  25.25327554
  28.75076238
  22.55876659
  21.56068035
  30.37409741
  27.02202704
  22.66754293
  36.49475005
  28.28244154
  24.75757005
  22.63913188
  41.30036186
  9.54467013
  24.12627853
  13.81406347
  25.87000050
  31.58703856
  29.24835568
  21.48376829
  20.12912586
  18.68004994
  29.76854656
  23.98476413
  19.34664307
  31.90653775
  23.47518415
  25.82944464
  20.39729000
  24.02770811
  25.62705368
  20.86524481
  28.37405190
  27.83384425
  15.03725718
  16.61178703
  33.03040402
  17.97091675
  17.53731464
  21.83882126
  28.02871085
  28.66789674
  28.54211581
  26.70425868
  12.80711157
  25.47967182
  27.05053722
  31.71742874
  12.54846890
  9.09637019
  24.76415819
  16.43987343
  21.42167284
  22.14333995
  25.79453890
  16.47865052
  31.76476456
  38.27631340
  17.18409830
  25.15082731
  38.48559246
  25.18346805
  18.10751739
  35.14115991
  25.16577247
  16.91914725
  25.14640157
  25.21299195
  25.48951292
  18.79294754
  26.58629889
  24.77185808
  32.90798066
  11.30301302
  20.91074945
  28.29102405
  36.89104110
  17.68024147
  25.40863031
  21.65379391
  31.78601675
  33.23793440
  38.73406833
  18.86428102
  25.54405015
  19.15115303
  19.51358473
  19.37685469
  19.86392001
  18.19134736
  15.15292148
  24.55664127
  23.92272749
  41.96758649
  22.45410165
  23.64088727
  21.03879585
  20.35017822
  19.97240733
  31.21170851
  30.18956899
  25.29221698
  24.34717338
  43.35550488
  24.35049285
  20.48093761
  25.00780112
  30.50440609
  29.80516812
  22.22430003
  20.19702889
  26.97871032
  29.69729043
  18.83091746
  31.11473096
  19.41036569
  16.94302425
  22.98746678
  31.13760298
  27.34212556
  22.49117151
  30.45878268
  15.48266120
  17.11106361
  35.90408416
  22.52818925
  33.91159997
  25.80790412
  23.12005011
  24.81070343
  27.23901442
  27.93657981
  23.80015161
  21.21814970
  15.63257530
  26.85479851
  38.40599712
  13.25226941
  23.55325133
  32.20298236
  35.78240927
  29.68420424
  17.54625764
  18.03243012
  15.11769029
  11.88624447
  28.43472025
  17.73836034
  38.02228113
  33.50331935
  28.70734787
  36.76187764
  14.34232473
  24.30516225
  31.53549257
  22.59534957
  50.57117084
  21.93407696
  37.00289878
  24.58765587
  31.85325645
  36.65156478
  27.71820126
  18.09464581
  22.00960749
  33.85105660
  27.25105918
  29.70378897
  22.84314689
  30.23175697
  32.99365961
  21.83520937
  15.40444350
  24.24975292
  32.96543554
  18.09648333
  28.25328759
  12.72007227
  20.67598466
  35.03467026
  26.38150370
  17.74727767
  25.64264155
  29.91478657
  21.10717513
  26.15195726
  22.09709325
  24.85339081
  29.25009263
  24.80958628
  30.79733126
  23.41880277
  24.02440875
  25.61522741
  26.50375081
  16.61145801
  28.11953527
  19.65325962
  24.54986145
  33.27444551
  11.03480955
  27.19701111
  27.09049635
  24.43014480
  22.67213496
  15.07441786
  33.23487763
  33.58827316
  28.41805924
  26.90528109
  23.34493962
  18.19082760
  22.80025145
  31.45600073
  28.71512884
  20.00617501
  22.53684096
  23.20758240
  20.11494836
  32.06784544
  19.58548251
  26.66000196
  23.36096686
  28.81716075
  13.10139943
  19.47636045
  17.15921351
  21.89588793
  26.78671684
  38.42494181
  41.24389579
  37.72717003
  26.99233362
  15.76051123
  16.26866334
  25.56548545
  20.99865003
  21.19889533
  29.97017748
  31.88950105
  34.76897394
  25.39247860
  23.51310294
  26.77955368
  15.53012845
  25.60939728
  25.96464973
  22.54808401
  30.09051898
  36.64847539
  24.83585006
  28.33470885
  15.96302817
  16.16742535
  26.10400195
  22.48525240
  39.13445630
  32.44729427
  28.43966786
  27.68225791
  25.59511097
  24.11789167
  30.05853925
  30.26227405
  15.51130958
  23.03008686
  22.81408184
  24.15586513
  16.65352725
  21.24331581
  35.32485036
  24.31291584
  29.53559155
  16.58439047
  17.50841498
  32.65962998
  18.08689409
  29.57797852
  26.55282685
  22.37241461
  32.99146074
  21.29274117
  17.36615426
  23.78376562
  21.77087404
  25.99660539
  20.33875459
  31.26275194
  27.13690765
  13.89727949
  23.52333256
  25.27660997
  23.88939031
  23.11710266
  19.84565849
  15.85645070
  27.37116444
  24.80352919
  19.10019255
  26.14881063
  19.58035363
  25.90080919
  34.69960472
  26.63977938
  20.08498444
  23.17636740
  17.18047353
  18.19451471
  13.72361525
  18.49823463
  26.96498920
  25.01446765
  25.04780548
  30.16578531
  32.55514011
  22.16538560
  23.97231351
  18.18960422
  25.48497702
  37.21850800
  16.82154935
  24.80900592
  39.30845762
  21.32223955
  16.61338473
  24.40045025
  22.37938506
  37.81598854
  27.21997928
  39.68310033
  21.26602597
  20.98219598
  22.55012711
  28.11730471
  21.63215295
  21.66279436
  25.21300991
  23.68806226
  21.95001557
  14.33264737
  29.39525999
  24.15657299
  25.35032376
  27.28714609
  14.18323313
  18.27439425
  46.53211603
  19.14808471
  20.16616705
  23.60552853
  19.36194109
  23.31817586
  28.92248757
  18.68821042
  39.81210342
  22.49039087
  28.41974919
  31.31787834
  23.00867885
  37.02719670
  24.81673534
  28.60087949
  22.34617615
  27.62082310
  13.64243739
  40.40397205
  31.55448314
  42.28069726
  35.75516979
  26.28100846
  20.64246890
  33.39837822
  22.16500610
  31.41265572
  19.78388545
  26.63433149
  21.53898858
  24.21306016
  14.72764770
  21.32687194
  20.63122808
  36.32633081
  25.26835102
  39.54423700
  16.97136695
  31.15602349
  29.87471059
  28.52956284
  42.95146079
  36.90100741
  23.44491103
  20.73582076
  25.96636292
  29.35306361
  29.21983787
  36.80956947
  26.92916788
  33.42760826
  21.28536130
  27.04062370
  32.73332824
  21.30868580
  26.94644834
  26.42615369
  20.61739024
  30.22520832
  21.76147813
  30.22188872
  27.76233048
  23.04708365
  33.95882885
  15.45454890
  9.98349176
  19.99465879
  24.72723571
  24.06512419
  19.36558342
  16.53100192
  17.03965020
  24.03787233
  40.45969357
  38.97215421
  30.39226286
  32.23842065
  21.22552209
  15.04749767
  20.53569905
  27.27572687
  20.98605595
  24.69432376
  28.74999329
  25.50511789
  24.00624637
  29.94573363
  25.37055888
  21.41455177
  24.29192320
  26.66885173
  36.63288387
  21.25416372
  22.70438742
  30.41634303
  25.82936281
  21.23175815
  21.89604037
  28.82207350
  24.83367701
  24.62459397
  34.65311783
  35.83775710
  9.48640631
  31.79731735
  13.81546467
  24.53143421
  35.57869440
  26.19574140
  27.30364821
  26.15442980
  18.48106427
  29.24996814
  18.09599780
  21.07140475
  26.55342242
  23.69700911
  18.09616727
  29.37803696
  43.00060792
  20.60815180
  19.01262531
  26.66227236
  29.00857224
  22.43801100
  25.32476091
  22.64553164
  21.19791079
  18.23477812
  33.92640781
  27.82990762
  20.83406009
  12.08388012
  24.39201166
  19.06070346
  21.84834708
  30.80607464
  22.81570785
  21.93512206
  36.30375739
  30.74817661
  19.35940319
  25.47972589
  24.42829653
  13.76884533
  26.95549252
  16.52497450
  17.68705786
  14.73269003
  37.27442022
  27.47855232
  37.03767248
  30.45251413
  24.89275088
  23.34911157
  23.36652794
  20.22411900
  33.04178762
  23.98467632
  20.75138463
  30.14596016
  30.28977716
  25.27918210
  30.42487843
  31.93056229
  39.28736836
  21.02906521
  22.24141757
  23.72921284
  29.51454284
  16.75285291
  27.24946582
  32.17002902
  21.16965861
  23.44512673
  22.76309609
  18.78338978
  31.03770631
  19.86015124
  25.40108169
  16.22934085
  48.53653933
  33.63259650
  17.26976817
  27.12180953
  25.21431996
  16.62971570
  23.69952408
  17.78601986
  24.83333812
  21.62964544
  20.58709410
  30.12205126
  32.56026872
  30.34166687
  24.12932856
  25.81372481
  21.41367124
  20.27950610
  29.70620437
  16.72177489
  23.98176444
  22.78673928
  32.20181403
  23.54868083
  27.21512320
  15.24773167
  34.62359385
  27.11360626
  27.15653561
  35.34502866
  28.28365558
  32.83898430
  20.91316891
  30.38461614
  15.37013326
  39.57342988
  30.63961032
  24.62476848
  32.61820681
  17.58312772
  9.19498567
  17.23492445
  25.74673402
  21.00385020
  37.96976720
  20.40649973
  28.79504502
  19.62920257
  28.12559324
  11.08751930
  27.65093722
  22.11744342
  10.73574838
  27.37218627
  23.81723542
  31.05670671
  16.76297111
  24.07133101
  23.17339993
  20.48020133
  22.54664423
  27.50482104
  25.28706452
  21.92358105
  28.84005706
  28.82153001
  31.66791981
  19.09803465
  19.58804105
  33.73311227
  22.71068743
  14.22476826
  34.01017512
  23.28332438
  22.24322068
  18.74450035
  18.14564960
  16.35263221
  30.47758825
  38.96370905
  14.24696535
  17.77989372
  30.60077455
  25.10566539
  14.67461455
  22.44366128
  11.69994958
  13.32283492
  30.42748355
  21.79635356
  34.26765488
  29.04925012
  27.17163136
  32.85948555
  22.39636488
  34.10600800
  26.56584934
  15.22092229
  26.10467116
  31.94990150
  33.75644028
  18.68494582
  29.41193485
  39.05841661
  26.39582707
  24.20714375
  28.60364974
  21.12923900
  25.11561612
  22.10751585
  19.11647679
  26.43476990
  27.68270685
  18.37684670
  12.97595745
  10.58049582
  21.63870976
  23.87725803
  45.04273694
  26.37095250
  22.49187535
  29.60612958
  21.28992568
  19.73297246
  29.74663561
  21.51764525
  21.39023595
  20.68619523
  37.77622230
  18.70117048
  20.84149793
  20.48299392
  23.87515100
  24.37285643
  26.54252474
  17.07506985
  23.03479348
  27.50639324
  22.66490447
  30.50234215
  26.25564106
  21.87118303
  26.06403435
  14.56730841
  12.63666134
  29.84083382
  35.95943105
  23.56463894
  19.22231428
  25.85498518
  40.08696524
  31.55071973
  22.17452786
  28.84235320
  21.06974139
  28.19414812
  22.80093998
  15.38584251
  22.23825541
  30.37571296
  41.60220051
  26.55653997
  19.94003611
  39.85266423
  19.12751999
  17.26367788
  47.17913805
  22.56582920
  17.65892108
