  4.62729432
  4.49550101
  2.60099728
  6.24788435
  7.12261581
  5.73384954
  6.57156218
  6.98052083
  5.82485434
  8.15057347
  6.01305518
  12.07967936
  6.18008137
  6.85163345
  6.41720281
  5.07012704
  14.62865530
  13.56577133
  5.56237041
  8.71633728
  7.15052169
  7.57487517
  3.73175711
  6.76451253
  7.17311612
  12.36491708
  10.37038398
  7.36708187
  6.89537099
  8.35033228
  4.03728831
  6.08839898
  5.21056336
  6.80360802
  2.77451496
  7.61361693
  10.88065649
  5.07904436
  6.75627867
  7.45694374
  12.26106515
  5.10072154
  4.02670933
  5.72756215
  11.52938474
  13.66682089
  22.29510889
  1.64544178
  5.86575494
  7.74539206
  11.93771321
  5.64386803
  9.63569889
  15.03147048
  6.66081829
  8.40162796
  7.94103140
  17.72833878
  7.31176668
  6.78400686
  14.55649886
  9.42898932
  6.10243618
  8.27349690
  1.99888488
  8.02239843
  4.58116153
  3.34898851
  3.03694668
  13.31896816
  9.68436435
  3.60426256
  13.30773572
  7.23597272
  6.50620064
  1.90262673
  11.55793737
  5.10883140
  3.92306189
  6.86475200
  4.90404329
  5.78948033
  4.77762298
  4.56120602
  9.84621421
  9.24226141
  5.18000874
  7.98903647
  10.92280178
  5.24548096
  6.66515550
  3.12046221
  5.50075209
  2.78107990
  14.28303026
  6.60744561
  5.90958395
  6.73951412
  8.60629408
  8.05297972
  16.36909484
  10.29157851
  4.54898375
  9.76104719
  5.20330878
  5.15032198
  6.92648198
  5.52897936
  1.91082889
  14.55256742
  6.51403484
  9.45319490
  6.27505197
  11.65010799
  4.85163202
  6.26959433
  3.47248280
  9.62192474
  6.08591629
  17.47763819
  6.88716940
  2.66003584
  9.11344729
  6.46150827
  6.37807386
  5.07984174
  6.03898575
  8.68267967
  4.61713572
  4.68921664
  6.00198453
  4.12745101
  7.98995944
  11.57807427
  12.62299783
  15.33061799
  3.87167622
  7.71746134
  7.84778526
  5.11422466
  2.58053955
  6.27371239
  8.30765349
  8.25885963
  3.20652443
  4.18193794
  7.38997127
  3.33938313
  13.65975640
  8.75245725
  7.25522662
  3.85818134
  8.31368657
  14.72038054
  6.59470505
  10.17968485
  6.71307764
  8.86691625
  7.52767678
  8.13870666
  12.66302849
  7.33098461
  3.13083739
  3.50961804
  4.60301711
  5.94506059
  11.27011655
  13.39066910
  7.79127161
  8.26368155
  8.93047285
  2.54336754
  6.56066462
  10.97873156
  9.33723619
  3.23727796
  7.65074171
  10.79313539
  4.49114090
  3.86627661
  14.90452207
  7.55503492
  5.51330456
  5.43456680
  8.23742787
  5.66494472
  4.11420520
  4.78536357
  4.74446984
  9.58470671
  4.96431022
  14.49961745
  11.66711411
  10.22609393
  7.32283915
  3.06782803
  7.44735885
  11.47774280
  12.61220005
  8.47052241
  5.07090207
  7.75449927
  5.31023079
  3.65701799
  2.56539980
  7.19835607
  10.67363548
  5.42310447
  7.78221405
  5.79518531
  7.30505164
  5.54801732
  6.27043772
  10.47231366
  7.88507113
  2.89589417
  2.64964255
  8.48687278
  8.68038900
  7.16688487
  10.62627515
  5.54158494
  5.09885318
  2.43124626
  6.36642653
  4.28299560
  4.83398254
  7.33000825
  10.84156309
  9.62080544
  4.95752359
  6.58972234
  4.77406309
  5.92559080
  5.24520250
  2.79284717
  7.10298348
  2.55153176
  9.10214293
  2.67497898
  3.77322485
  6.63461401
  14.97904121
  2.20200077
  5.75865604
  3.79301441
  3.77929491
  6.24059342
  11.17761686
  7.49000499
  13.46131768
  8.84383493
  11.90052894
  10.11294644
  2.05525911
  2.68439896
  3.91390401
  6.95250954
  4.26663417
  8.18729133
  3.84041641
  10.29034533
  17.42335372
  3.49935327
  5.45128324
  3.32104477
  6.58545079
  2.39707931
  3.56755251
  8.13306054
  8.39100079
  10.74047544
  10.20446122
  10.78843867
  7.18368568
  5.41430857
  4.22480372
  5.26485358
  6.71323221
  6.15289374
  6.16255432
  4.35729267
  7.20334165
  10.91389891
  9.50149211
  10.13481413
  5.89112861
  10.30170938
  8.03605203
  10.59262552
  2.84139802
  11.51842881
  6.75610389
  3.71321567
  9.65220026
  5.53769428
  9.75634637
  5.69731732
  9.64959116
  4.96584974
  12.01150889
  4.72289740
  9.66356460
  4.70047822
  7.67063978
  6.79180460
  7.19767801
  8.21148819
  1.59698501
  14.80908299
  5.34818736
  9.39728946
  9.26235422
  4.13392666
  8.10958249
  4.15004789
  6.29539423
  7.01676804
  12.50802086
  6.42733504
  10.00206767
  5.96433776
  5.18537798
  6.70089453
  9.01645205
  7.42743894
  10.73588218
  3.16752798
  5.64339690
  9.11621313
  3.69634612
  7.20039383
  6.72832100
  3.69352616
  4.01454226
  6.90609817
  7.35986939
  3.74940312
  6.90449690
  2.64620413
  11.21345495
  4.37056724
  6.12984715
  15.37995409
  5.85433959
  2.59840799
  5.98449317
  7.00990808
  2.23314187
  6.72153291
  3.24227791
  4.05733869
  7.45440578
  5.00469140
  1.97842403
  10.64379487
  15.60270326
  4.86277998
  9.49676981
  2.65947067
  6.60671714
  7.39558776
  2.69360899
  10.77811980
  3.70367538
  5.32344159
  6.94588640
  7.55960746
  3.38385566
  6.27778442
  5.93648131
  6.83365447
  10.75655898
  8.03649998
  7.91939435
  10.80908880
  2.96363507
  5.96148796
  9.41219717
  12.94343358
  13.91084469
  9.88256234
  10.94865978
  5.72497357
  8.16030087
  12.02751625
  4.60334653
  4.91629912
  5.33598781
  4.41918681
  5.24788533
  15.20879258
  17.38934105
  13.70202323
  8.54510079
  3.03182518
  4.00431779
  4.29745096
  19.44793764
  6.44818849
  7.18987584
  14.66582037
  6.28606331
  12.66196753
  7.54656404
  6.42135048
  9.22345897
  7.16186631
  5.72791414
  10.15122974
  2.99660517
  1.94108270
  3.02645439
  6.53371789
  8.85796633
  2.95930462
  6.09040281
  5.51131706
  8.88014604
  3.44807678
  5.19775404
  12.17405659
  4.83205105
  3.95078522
  14.17996214
  15.14894678
  10.83707225
  10.31919746
  12.62384767
  18.31365825
  9.53107893
  4.38256358
  8.88681190
  6.40606900
  6.69292510
  3.44321085
  8.34095447
  3.16295744
  14.93881826
  5.75649575
  5.26573116
  4.83069932
  7.51443217
  7.09933061
  4.62121777
  6.09614183
  7.22953011
  12.39124403
  2.12029245
  3.86486811
  4.96831918
  6.24705438
  6.64032154
  4.05438038
  5.82951060
  11.89279817
  7.59497230
  11.14290674
  4.97489023
  8.35147575
  16.34236228
  4.31255463
  3.13462274
  7.65890442
  6.38215633
  10.05705293
  4.71494966
  10.57696826
  9.86289298
  3.28331886
  8.55786355
  7.34327199
  7.39885664
  7.00182571
  6.78362981
  5.50304485
  7.91365557
  15.45821822
  5.77368080
  15.69665154
  5.46203705
  4.86564296
  11.22560689
  4.57353041
  4.73074868
  5.08877010
  2.00826876
  4.43182812
  5.54802534
  11.84886515
  5.40609699
  9.57995066
  4.18880754
  4.69892884
  17.09492618
  4.47489641
  7.59576926
  4.65530216
  7.54218580
  3.55218523
  9.15538087
  10.51774692
  3.54353805
  2.97965927
  5.67329736
  10.79523123
  9.20572947
  2.84832230
  2.41374224
  8.32065167
  7.99572563
  9.71316393
  1.60818701
  6.76661381
  14.93204014
  4.55211667
  8.74819825
  10.50794577
  13.74651443
  12.85492837
  9.74446177
  4.80084337
  2.53610988
  9.50243350
  9.55875941
  14.60940051
  8.14255413
  7.92394403
  6.75629517
  10.63088608
  6.24486280
  1.80641146
  6.02106573
  6.26240153
  10.30473179
  4.33794126
  4.35178552
  6.99094395
  4.66181769
  4.42043736
  4.85599544
  9.00529374
  5.88276399
  7.25158520
  2.86160086
  8.16342864
  9.99179494
  3.56054882
  21.55506415
  3.46645257
  6.93035699
  10.41441379
  11.17384173
  7.26207836
  9.62751363
  4.67996100
  5.74466666
  11.23033292
  9.88825134
  4.95875025
  6.57003476
  3.26934579
  10.17695177
  6.34512757
  4.41061347
  8.80441974
  12.95033987
  4.23240003
  6.44177155
  13.13200572
  5.19220986
  9.57618667
  3.63800340
  14.49890293
  6.94083876
  4.10559987
  9.19729107
  7.50226615
  6.05489444
  2.98895899
  12.70487317
  10.30565703
  9.78773507
  5.02443755
  5.46103825
  17.60315630
  10.92098783
  15.85818380
  5.36724248
  12.78068478
  9.15952905
  12.88501013
  14.37445107
  3.89302157
  7.24157857
  3.87696662
  4.06488076
  13.51174868
  7.24592617
  11.00429883
  5.36574325
  6.46311022
  7.44069385
  10.67284572
  6.73342722
  4.04502360
  5.15769153
  7.16989092
  4.88312513
  6.45037274
  8.33994713
  8.98789608
  6.53940878
  7.91585306
  4.46884080
  6.87157250
  4.29329534
  10.15831837
  15.26763616
  15.45844737
  5.36258539
  3.09866778
  5.73176905
  2.46637596
  10.88208308
  9.33267043
  10.00370653
  6.64702284
  5.10700408
  3.44352743
  5.32087407
  11.71669536
  4.42142262
  9.44025928
  11.08093739
  5.59448230
  5.84822296
  8.66526915
  7.19848365
  4.77607350
  2.67604024
  9.61823135
  8.98263058
  6.89284031
  2.53728247
  3.44934101
  20.40461532
  10.01700935
  10.05556930
  8.26689324
  9.11285895
  3.13083612
  6.47147598
  7.96686513
  5.99632854
  11.36809310
  5.15972999
  8.98757628
  8.39539830
  8.54002620
  15.70243422
  9.57433239
  5.26420012
  13.19906990
  11.08621898
  12.10936364
  2.03621425
  9.91684332
  5.50682677
  7.01907000
  2.07446815
  11.82818550
  11.04825180
  6.54911514
  4.64989610
  1.70006717
  8.07518154
  7.56715625
  8.71311701
  10.89884131
  9.45845156
  5.07581354
  7.94525300
  6.63684507
  4.72173386
  4.40621224
  4.97958100
  12.96422518
  5.88295277
  3.79213877
  4.77453993
  8.46205998
  4.86265872
  6.97689153
  4.78366067
  10.61562325
  16.65379310
  3.77511719
  4.97837500
  2.62519926
  8.92868863
  9.01097585
  4.20246544
  5.04053728
  8.55036669
  4.75729969
  4.97310185
  4.66553440
  6.55676283
  10.20070508
  3.18765909
  10.87052070
  3.08064015
  3.57254698
  3.08959702
  4.42445956
  9.85299185
  13.87993853
  13.07463286
  3.60040493
  5.10049069
  6.34847676
  1.54291270
  1.89819322
  2.12779119
  5.36872087
  9.18538232
  5.77020906
  6.80399934
  8.34403583
  7.17940985
  7.76551763
  4.36420549
  6.69253577
  3.54430171
  4.42121605
  14.50687333
  2.27972072
  4.49660883
  1.40986256
  4.94981942
  11.03342435
  3.92968482
  10.56869221
  11.27775489
  11.45864855
  3.66798294
  12.95588634
  4.49510376
  10.19874523
  10.19052800
  1.95674536
  5.06522583
  9.26634576
  5.93522896
  4.94956189
  4.38262455
  3.42679562
  6.25182627
  6.13773203
  3.23435464
  8.73907533
  11.69268585
  8.09566630
  3.14294978
  13.84844740
  6.85335484
  2.26054812
  1.99746909
  2.99269081
  9.48185121
  4.88437905
  7.89117086
  7.62285131
  4.49230306
  17.52919299
  5.14428767
  5.06660292
  7.11262612
  3.90276431
  3.70020429
  9.47219876
  9.96466306
  6.10635762
  2.42942096
  4.35617344
  12.69222462
  3.20689482
  5.96538938
  8.37728441
  4.83318638
  9.74805077
  3.89372500
  4.72519407
  6.79770423
  3.39329768
  8.65314998
  2.42842231
  5.49498040
  13.29323391
  3.04089969
  4.43824295
  10.68605724
  4.83478548
  3.85812924
  3.76307827
  3.61950871
  3.80793614
  3.71994710
  9.25164448
  7.11206839
  11.94622348
  4.89092275
  8.59921721
  16.61559980
  4.20431240
  4.16202286
  2.00168035
  6.59110826
  5.52918547
  7.09628533
  6.07838894
  7.23696937
  11.57654724
  13.74907984
  5.47449746
  4.73142089
  8.03747510
  3.49974283
  10.60755119
  7.33742816
  4.89400638
  7.81256089
  11.32556187
  4.94585956
  6.36401424
  3.29378910
  6.02657335
  6.54865184
  5.78779814
  3.18546139
  9.27739787
  3.71300671
  5.46743885
  11.01636905
  6.69813834
  2.61445892
  9.92597609
  5.63109993
  11.91696687
  8.02694422
  6.28470619
  6.68660032
  8.29073650
  4.18888804
  9.63586897
  7.47896668
  3.67287374
  4.76153806
  7.05412325
  6.52165477
  16.69422108
  16.46966175
  4.66757323
  3.64136094
  5.88042811
  3.20312079
  3.30205929
  12.83311587
  2.62323131
  4.21816480
  6.04236380
  7.76767676
  7.29221041
  10.04260923
  6.47174260
  8.04820076
  2.79747095
  5.05746607
  10.06394590
  5.41939502
  15.11350997
  2.21471312
  4.49803551
  4.06724331
  14.20167134
  9.21582041
  7.36712314
  8.82561104
  3.51147222
  3.99195562
  4.38740033
  5.52075045
  6.20088984
  7.77147322
  11.35135200
  5.23874978
  3.31827963
  10.83071997
  9.80167498
  3.40179587
  6.18739922
  4.61871270
  7.55092686
  4.76551402
  3.42088802
  8.49900827
  6.52677939
  6.01229811
  5.79176844
  5.68541232
  4.70157331
  4.34808068
  9.49985994
  7.73493456
  7.39207927
  7.84869265
  5.27319027
  10.33388923
  6.02418661
  9.01163393
  4.05780734
  16.19289371
  10.64307435
  4.99942558
  11.90516194
  9.79765758
  5.49611798
  3.94142236
  4.58725515
  6.66278597
  8.43524990
  6.99987394
  5.39874853
  5.08652131
  8.07777783
  3.77293109
  3.30865144
  3.94748442
  3.78420080
  5.40323400
  5.30169083
  6.69835405
  8.30943320
  9.53781043
  4.39693423
  5.50283061
  3.68326714
  2.84325248
  11.05692659
  3.08505642
  13.41070011
  2.14902112
  8.97744352
  3.17390360
  10.97362912
  6.73620677
  3.03817441
  5.61667279
  9.20801600
  22.07998397
  4.11855331
  9.77773147
  3.18341589
  9.29550797
  10.58031434
  3.01630401
  5.89960409
  5.85273568
  5.08846888
  5.93684819
  7.65136733
  7.98154788
  9.22433791
  6.09931237
  6.18290949
  4.25422719
  2.54523746
  5.37393970
  5.88430889
  5.45244277
  3.01189594
  3.01880631
  9.09925739
  9.44038668
  7.60717557
  7.64379073
  7.67573552
  8.82972081
  9.28331558
  13.33123033
  18.25028652
  6.14696854
  1.79987205
  5.44643972
  9.79217329
  5.45658531
  5.16062470
  4.03788250
  6.26731477
  6.65250063
  4.60723984
  6.84548686
  5.44505080
  13.80978771
  5.16407257
  13.30894579
  9.44555715
  5.13857842
  1.65652896
  5.94258044
  7.56204797
  4.96538373
  7.84323665
  4.23233561
  9.15729309
  11.18033722
  5.99924110
  7.58830925
  3.84940966
  3.66654099
  1.33055680
  10.44340561
  9.05846403
  10.19269483
  6.36776696
  4.92396868
  2.55441943
  4.88486192
  7.60709393
  8.61192906
  4.25764756
  4.00145256
  4.35162708
  7.54493691
  3.14392102
  8.99555732
  3.57285374
  3.74075427
  6.62821593
  22.83925759
  7.53701176
  5.83920590
  7.04260180
  6.19331386
  3.80460109
  9.75341230
  11.45875741
  5.02067628
  12.75718958
  6.92049186
  7.46701499
  7.57600554
  4.98036350
  7.23032582
  4.35149299
  5.55821324
  13.34714592
  5.30473150
  2.83116269
  2.24084338
  7.13627209
  6.77722534
  3.10605517
  10.47920499
  4.52175770
  5.15745165
  7.47561727
  9.77781229
  1.52710959
  2.81912291
  9.68409365
  7.67360071
  3.36751887
  13.04189696
  13.90363516
  7.80896555
  5.86424544
  7.10798472
  4.24535821
  4.51169307
  7.10486269
  5.29845058
  6.06489847
  9.81275428
  7.56127838
  4.80364280
  9.04520509
  4.66286926
  1.88042138
  15.83860204
  3.58746936
  3.21520727
  6.37578523
  5.49779373
  8.72539431
  8.26201454
  10.75257510
  2.64984631
  8.51414362
  19.58742641
  2.91014554
  3.61154409
  6.92995223
  1.30212728
  5.34799219
  5.90308515
  2.93869406
  7.27825718
  5.09815430
  6.47433424
  7.22621802
  12.23667468
  7.45511060
  4.21809704
  6.64726811
  8.60857855
  8.61536500
  5.64331479
  4.25742349
  2.35259874
  8.41518293
  4.60494519
  8.24154023
  12.17043633
  5.94374947
  6.87513929
  3.15707164
  5.66471262
  10.10152480
  5.30311782
  7.17280001
  4.51814152
  10.85791351
  5.09671655
  3.11308410
  7.85035419
  1.94178857
  2.93756964
  5.55111610
  9.42188137
  9.52524619
  5.97885057
  6.87424960
  6.45008884
  2.58086383
  5.82183331
  5.68840138
  5.94853597
  5.99482741
  2.23652089
  8.28416921
  4.05884464
  3.38503398
  9.92882254
  2.88930616
  3.64547237
  4.66006139
  3.69785269
  9.25215072
  4.45131639
  3.41824769
  5.69285285
  4.59720144
  7.58584212
  5.53219859
  7.13422188
  8.57597201
  6.57681060
  7.43876075
  13.63640659
  2.75628947
  8.77188708
  8.04564677
  7.09585721
  8.79788027
  7.59787122
  6.22399867
  4.34146702
  15.20251298
  12.65751818
  7.39013922
  2.74970464
  5.07887811
  5.60566236
  6.39600521
  10.52011757
  5.27918289
  7.04513379
  7.55088055
  4.47675469
  4.35389150
  4.61696698
  6.47519015
  5.59802574
  7.86337321
  12.51692461
  5.28637030
  5.37489906
  5.55146136
  13.73645010
  6.84928585
  7.83293016
  3.14917834
  2.65095322
  2.24462207
  10.32966286
  5.59606090
  5.61229795
  12.52984076
  8.96184891
  5.86127894
  3.39740834
  6.85653529
  4.34936322
  7.29164038
  5.78403454
  7.29435449
  4.41270784
  8.48367402
  9.28713469
  4.98998530
  7.95444884
  4.86863703
  10.54937334
  17.81006380
  1.72327586
  7.04485444
  3.87662431
  6.01051307
  11.62711266
  7.54295442
  7.48397662
  2.73966128
  2.19820526
  8.91900223
  18.72413800
  6.79036478
  11.26105705
  4.94164112
  6.98109004
  8.23323073
  6.68800835
  5.10958528
  6.80740428
  4.01842736
  6.95464469
  6.12910457
  2.04998979
  5.60781160
  7.56733523
  10.20466390
  4.94557346
  5.80547712
  11.16057446
  3.07357886
  11.70625890
  5.44789891
  6.34714319
  3.72621638
  4.79557687
  8.78817622
  2.63814591
  7.37121408
  7.85882594
  2.40461344
  4.36647167
  10.76274180
  9.95276356
  15.36799689
  11.70549165
  7.18002528
  3.86726669
  5.39702052
  13.21119552
  5.25371633
  11.27233971
  11.00126999
  9.99419854
  4.00161307
  9.01928502
  19.93161481
  5.35597279
  2.48322807
  5.54909403
  20.87020344
  5.80657748
  4.88810317
  12.85463258
  7.90716310
  5.59432556
  2.95845398
  5.39218414
  8.26718827
  4.26556310
  10.88988853
  2.37954880
  3.08468877
  9.69223816
  3.56048914
  12.06971182
  5.04234007
  6.24713981
  6.22087808
  4.79808068
  12.33447704
  3.39769164
  3.16697851
  6.37230138
  5.49964305
  7.86111040
  5.82267965
  10.22543509
  5.85156586
  2.86367666
  6.47326387
  5.29573852
  2.74159846
  8.95388201
  8.04093702
  3.11280654
  3.76314320
  10.30939161
  6.13401120
  8.01473155
  8.11909508
  4.01827808
  4.21361915
  3.87737223
  11.76170375
  3.45739665
  3.85283499
  5.93530521
  9.79624094
  2.48072946
  7.77789253
  4.11838471
  3.02137108
  22.13611889
  9.91744122
  13.87500134
  2.27838392
  4.38589106
  3.58403272
  9.12945658
  9.22863685
  13.17249916
  4.55085463
  12.11282220
  6.12174233
  5.47411919
  3.89779234
  7.10892309
  6.92080296
  5.09827914
  7.87814925
  17.61059360
  3.01799339
  16.91223542
  3.82982008
  6.49834888
  4.37695073
  6.65939319
  7.41336599
  4.59892216
  15.65643987
  3.60308046
  12.67136340
  2.87080858
  8.54610963
  4.66582907
  7.79021964
  6.14432013
  6.61396407
  8.60111253
  6.52161113
  5.94533147
  8.61598719
  7.14724657
  5.48429719
  9.20143088
  8.20934989
  7.25350885
  11.16920345
  7.89413924
  17.12316091
  6.21869193
  5.20612770
  4.14350922
  7.63368594
  9.88314117
  6.08043092
  5.46995744
  6.27127269
  8.72669402
  2.02059009
  3.84837594
  3.66024855
  5.28656673
  9.79072290
  12.36893879
  4.88981398
  4.64540399
  12.31071984
  8.50149846
  12.63666269
  4.39816278
  7.14213359
  7.40495348
  13.96301149
  7.06383822
  2.12730506
  6.90699179
  11.87032180
  6.83626444
  5.36298060
  6.08504144
  9.80298725
  5.46131627
  11.42503927
  7.34502515
  10.10359641
  11.28877013
  4.68793297
  2.28752689
  12.82534170
  9.74302758
  6.74562438
  7.87102708
  4.32517761
  2.73615799
  10.29053369
  11.08916911
  7.51781999
  2.79674140
  8.57266687
  8.72546548
  6.31749216
  9.88353336
  6.98281672
  6.07139800
  9.10790587
  6.33003878
  5.05119957
  4.37976477
  3.81576215
  7.32281872
  3.94368229
  15.62493104
  11.27519341
  9.58312497
  10.81083856
  9.16436510
  5.38397117
  5.57064269
  13.67305632
  5.41057804
  5.33885650
  4.83596302
  10.01053489
  5.22002415
  6.12046977
  6.79262529
  6.85181577
  4.19602297
  13.86865932
  3.14906108
  12.31041974
  5.13094300
  11.80734897
  8.29095708
  7.69955695
  3.93438426
  7.74886182
  6.71452475
  6.84158862
  5.83744750
  5.99365142
  8.07631638
  3.65723442
  4.22674718
  3.61367406
  3.61002758
  7.17179572
  9.64903931
  3.67336246
  6.86157678
  4.95493313
  4.98581212
  5.40862618
  4.45922737
  5.30236926
  7.11141121
  16.50330801
  8.68584610
  3.86706947
  5.85551471
  5.46840927
  2.69728990
  10.93311133
