  2.75490516
  2.61092189
  0.50069532
  0.84220671
  1.05629104
  1.40208314
  2.69232637
  0.36341473
  2.16643857
  2.25647557
  0.93461799
  1.89639980
  2.45605915
  1.66233611
  0.31638635
  2.04629464
  0.57386489
  3.49179128
  2.69021405
  2.59041156
  0.63151586
  1.10810857
  0.66125542
  1.21965579
  0.65089867
  0.19041005
  1.45899486
  3.08246039
  3.29837888
  0.38931917
  2.68087225
  2.22970235
  1.78025491
  1.09500871
  1.09262499
  0.65379645
  1.81110327
  1.12987557
  3.24074599
  2.57458630
  1.29029489
  2.08368941
  1.98081016
  1.67667337
  0.53896686
  1.75533258
  0.89306654
  1.32594874
  1.93647725
  2.22436110
  1.44165383
  1.63906021
  1.88029376
  2.24520564
  1.85921921
  1.88286271
  2.49997860
  1.72934095
  0.35756462
  2.36427321
  2.54066334
  0.13981784
  1.36024232
  3.13022119
  1.84162602
  2.80725789
  0.15681909
  2.27381768
  0.67518474
  1.80161524
  2.25662751
  1.74075018
  2.88937310
  1.63311218
  1.18461765
  3.34558282
  1.47591003
  1.94886182
  3.22342376
  3.11741529
  2.71868735
  2.87096464
  0.85552713
  2.24078494
  1.55217977
  0.92710226
  2.29013523
  1.85880776
  2.20298319
  2.05689482
  0.89323002
  2.67431218
  2.33424542
  1.39596889
  1.72008959
  1.88953970
  2.83253340
  1.76426026
  2.46298620
  1.36081278
  1.66012881
  1.27278968
  2.14787506
  1.56318381
  1.92754598
  2.60668954
  1.36034699
  0.57327590
  1.32049463
  1.39855873
  1.35551311
  3.45440100
  1.53139656
  2.42029879
  0.59330853
  3.01048126
  0.61862474
  0.60312006
  3.05380444
  3.11128970
  3.69090054
  1.59405897
  3.21454354
  0.90660134
  1.60453741
  0.96340460
  3.20643781
  2.42588720
  0.60386717
  3.15074837
  2.90141463
  2.05203601
  2.23810260
  2.93256439
  2.96942522
  1.15016710
  2.93998739
  1.21541422
  2.93190375
  1.96172918
  1.79193560
  1.78527048
  3.19096625
  3.58915350
  2.64468283
  0.11612504
  1.16338525
  0.98130119
  0.91713156
  2.66306731
  0.66636450
  2.63543291
  1.68312075
  2.54720440
  2.12517186
  0.99281636
  1.31000348
  2.81245390
  2.61127588
  1.01433644
  1.56463190
  3.32693063
  1.29836471
  0.89940021
  2.61558942
  2.58076410
  2.70166674
  2.44667080
  2.89967745
  1.45701605
  0.87022664
  0.07539391
  1.56927000
  2.18455580
  2.74848860
  0.82653294
  2.19989321
  2.07019636
  1.84140036
  3.59394840
  2.16731479
  2.37368273
  3.05872891
  0.66509176
  1.83517254
  2.73816215
  2.99707340
  0.97714375
  2.13049875
  2.72192886
  1.76411053
  2.09497472
  2.26920494
  2.84968477
  2.10760269
  2.12159159
  0.26976535
  1.95535227
  3.15692488
  2.99054876
  1.49156995
  3.31454579
  2.14460598
  1.95162944
  1.23239653
  2.17559760
  1.29114155
  2.32865832
  3.49220823
  3.57879668
  0.85393553
  3.55966874
  3.11237250
  0.39559315
  1.36661482
  2.35412674
  0.60007734
  3.45410088
  2.85539958
  2.32650123
  2.36341437
  0.51929622
  1.97469593
  3.38797219
  1.88392672
  1.22805755
  2.80386488
  2.52871752
  3.18685446
  2.84541641
  1.94812293
  2.65253608
  2.78863536
  0.99331063
  3.05675029
  3.33518000
  1.04429433
  1.65399973
  2.58368015
  0.59165290
  1.68154025
  2.31507459
  2.75231135
  1.46584707
  3.21560935
  2.86895701
  3.17071876
  1.83408125
  3.09641392
  1.95205530
  1.70593160
  0.39226465
  2.22310458
  1.52482542
  0.93610418
  2.59396232
  2.63746342
  3.00504045
  1.90776451
  0.96323160
  1.80994866
  3.08134086
  1.62816340
  3.18039768
  1.89368357
  3.35073276
  0.66316645
  3.34135534
  1.80645997
  0.54866717
  0.16560313
  2.21962853
  1.33078610
  1.09866604
  2.71542458
  2.78872393
  2.41862059
  1.52959171
  1.95448099
  0.99238923
  1.65556189
  1.18566694
  2.59373371
  2.34648892
  1.94121264
  1.68278716
  2.22920038
  0.10017123
  1.26602725
  1.47490488
  3.41537128
  2.36418019
  1.29426572
  1.67204586
  0.92696444
  2.71804720
  1.91237919
  3.73771876
  3.48421624
  1.73948003
  1.21298612
  2.87467417
  2.30128633
  3.05393586
  0.42075504
  3.11600257
  2.22139391
  0.92848418
  1.92081824
  2.88644217
  3.78819079
  2.10245131
  3.38206123
  1.52184498
  0.56882472
  2.30564335
  1.01787013
  3.14617797
  3.03897103
  2.88847743
  1.02462625
  3.76481766
  0.73424806
  2.60427699
  1.79016787
  1.80911584
  2.42650719
  3.29489084
  1.39213033
  0.13605300
  3.51508189
  0.78171109
  1.92539217
  1.77705844
  2.18012827
  0.77795884
  2.63074796
  2.29804311
  0.74207966
  2.44633955
  3.65212587
  1.98368459
  1.94784410
  1.88071110
  1.88626178
  3.18324872
  3.07674364
  1.53086483
  1.81918396
  0.55406685
  1.02200174
  2.04928023
  1.21324887
  2.04221617
  2.88247107
  0.83615841
  3.74419520
  2.29875910
  1.54649816
  2.40788726
  3.88631461
  3.04186447
  4.04813951
  2.61276156
  2.34959709
  2.16678784
  2.64081256
  1.71330371
  2.47610811
  3.30416132
  2.30046667
  2.41714815
  2.20454785
  1.81133083
  0.03484784
  0.90578519
  1.95612184
  3.04289288
  1.61762170
  2.38347529
  2.90124807
  2.18721416
  0.99972384
  1.26931040
  1.32029354
  0.85448512
  0.99261714
  1.57625247
  3.49931784
  1.23525752
  2.18095775
  1.73686402
  3.19685977
  0.44465061
  3.15110611
  2.70219408
  2.82749553
  1.23785187
  1.94769220
  0.45815112
  1.03799232
  1.27609476
  1.92860073
  0.97985989
  3.74258131
  2.19208200
  1.44555075
  2.80629857
  3.26756633
  1.71520865
  1.94580524
  3.08333333
  1.85105032
  0.64919083
  2.12458901
  0.91831255
  1.09856013
  0.99010689
  2.95146151
  1.39543813
  3.25282633
  2.03799403
  2.36149953
  0.88568471
  2.44506663
  2.58598930
  2.41510222
  3.57460140
  0.91334841
  0.73715511
  3.30911981
  1.51263928
  1.41954277
  2.39891208
  1.94255691
  2.56102086
  2.23454580
  3.05865246
  1.07769297
  3.12458626
  2.62785516
  2.27262618
  1.47555325
  4.06032841
  2.67895551
  2.04695106
  3.32907801
  0.93244116
  1.73067031
  1.75791927
  1.76529344
  2.59067878
  0.84673215
  0.62960661
  1.66126303
  3.47083037
  1.15619375
  1.76315080
  3.71512775
  2.06783088
  1.51936289
  2.14597648
  1.44529997
  1.20633167
  0.41931145
  1.76178315
  2.43170227
  2.18529919
  1.18337814
  2.17375428
  4.03335153
  2.42938967
  2.42754517
  3.08242115
  3.09701316
  1.50093569
  1.02093148
  0.95730888
  1.22143895
  3.18864828
  2.07878785
  1.99866390
  3.53657478
  1.39445989
  1.42024328
  1.71480712
  1.80876333
  2.41413889
  1.07659388
  0.33474810
  2.10953011
  3.25849766
  2.14672527
  0.85449830
  0.52807377
  2.94525475
  1.85629823
  1.98560321
  2.73030609
  1.80643399
  0.09692101
  1.85115673
  2.83983306
  2.03606345
  2.18859424
  2.95766461
  2.21242896
  0.82622765
  2.28513387
  0.86102996
  1.96489431
  2.23270427
  2.35265313
  1.76754714
  1.81709184
  1.72069199
  2.33571652
  1.71613790
  1.84872866
  2.45891698
  1.68393623
  2.90027571
  1.01071198
  3.12979433
  2.63027499
  1.84451720
  2.72312622
  0.96322848
  2.35546702
  0.64640745
  0.21302654
  1.64058255
  1.38706800
  2.87128661
  0.88176130
  0.84453626
  4.02677970
  2.15756218
  0.86381647
  1.75504160
  3.23374384
  0.75417726
  3.47746589
  1.12174182
  2.65087548
  1.96117776
  1.21976054
  0.98699725
  3.66930037
  2.72813171
  1.56078971
  1.03333839
  2.76803513
  2.90625553
  0.68808387
  3.05106671
  1.53930096
  1.77063488
  2.49903500
  0.76495398
  0.92577794
  2.57085839
  0.63874410
  2.61758837
  2.58145889
  2.03934820
  2.06216666
  2.46837933
  0.69703057
  1.54893046
  1.16532338
  1.49145858
  2.60775897
  2.47850028
  2.23491518
  1.25837703
  1.13018431
  1.90711328
  1.13165516
  1.62745329
  2.87226721
  2.08576246
  2.33857739
  1.76023106
  0.64381029
  1.39966731
  0.89427145
  1.47498065
  1.11156934
  1.38413837
  0.47008162
  1.53164347
  1.63560654
  3.02855422
  3.61971036
  3.64939855
  1.70262763
  3.61945128
  1.18291665
  1.86103485
  1.36524702
  0.88185331
  1.54310307
  1.02145041
  3.22343359
  0.56746666
  0.33265086
  2.07820354
  2.85516564
  2.91798125
  1.38522120
  0.80104437
  0.80504420
  3.35078676
  0.72684013
  1.18364695
  2.68127757
  3.03021064
  2.14915514
  0.61797877
  2.64120512
  2.08906357
  1.30714720
  2.79157174
  0.91859306
  2.78031176
  2.15570828
  1.41992115
  2.73061693
  2.67651121
  3.19417936
  0.46314343
  1.71303848
  2.57622009
  2.04361771
  3.52897960
  3.51481800
  2.73289766
  3.61035788
  2.26681724
  2.79560728
  1.08219337
  0.13686404
  0.40622444
  2.81972053
  1.41225026
  1.70898687
  2.84080672
  0.80465900
  3.69453870
  0.64025700
  2.18605568
  2.79085465
  1.82444595
  0.89682624
  1.79783999
  1.03355103
  0.67319867
  0.79228709
  3.33827063
  2.04104642
  3.33870208
  2.84220249
  1.72047343
  1.28108895
  3.31702625
  2.20325111
  2.80388440
  2.81650651
  1.93995811
  3.02835884
  2.18588597
  1.19369933
  2.84855775
  3.71605582
  3.49555565
  3.11426786
  0.91291766
  1.70266201
  1.13884405
  0.86613255
  2.28062771
  1.29950756
  1.55139039
  1.01202512
  3.63255623
  1.93081094
  2.62206741
  2.58637347
  1.30299869
  2.04163472
  3.12744098
  2.18565780
  0.34462012
  2.52693118
  2.73981766
  3.42572448
  2.42629329
  1.00290434
  2.79473605
  2.64293855
  1.96296023
  2.84072505
  2.99783679
  2.18065721
  2.60621274
  3.33645953
  3.13535743
  2.90369992
  0.94710717
  3.21599224
  0.72716678
  1.31500121
  2.73184256
  1.21721400
  2.01861061
  0.55638471
  3.08826487
  0.31005267
  3.42518862
  0.65431453
  2.34125873
  1.02026333
  1.75195795
  1.46514940
  0.61602352
  2.57561676
  0.76859697
  3.28066629
  0.88724980
  2.72801355
  2.92441715
  1.30740449
  0.84851488
  0.95887544
  2.83682750
  2.94817423
  2.62678089
  2.11901194
  1.41886804
  1.01357514
  2.67084024
  0.42227915
  3.42978510
  1.91404091
  1.31691495
  2.85851125
  1.97612764
  1.39033052
  3.09455334
  2.89469870
  2.64327092
  2.83846215
  1.67615797
  1.79664711
  3.89315440
  3.51018269
  1.31549587
  1.46740686
  2.00312270
  0.90610106
  3.18929561
  2.56634677
  2.90423408
  1.25766505
  2.21655598
  2.78284691
  1.61091036
  1.89986840
  2.09137746
  1.55784407
  2.52671478
  2.71013984
  2.12981051
  0.44963637
  3.47947231
  0.71656923
  1.93500175
  0.87360890
  2.18633473
  2.08361717
  2.75174689
  3.62890640
  2.59314499
  2.48066031
  2.49353666
  2.07972067
  1.59700239
  1.01399306
  0.72701962
  1.46226188
  2.07869854
  2.87685541
  3.02368236
  2.22282119
  2.49413823
  3.65328646
  0.90350927
  2.48833377
  2.36120246
  3.16597226
  2.49003326
  2.53422676
  1.84262502
  2.53619907
  1.41857289
  2.47860554
  1.66922005
  3.22525369
  4.00817274
  2.68648276
  3.22947987
  1.98116694
  0.95141193
  1.61972325
  0.63992340
  2.77261974
  2.46350970
  3.53467493
  1.82049130
  2.52917510
  3.13280314
  2.47193250
  0.77116467
  2.82876996
  0.77480624
  2.76989023
  2.84541442
  1.45482691
  0.79259528
  0.51885407
  2.16634114
  3.23607651
  3.20421997
  2.58638661
  2.56288865
  2.82285792
  2.84831284
  2.01470004
  0.51039485
  2.81493805
  1.79388181
  3.03619519
  3.35509244
  2.31686797
  2.30828885
  1.48377791
  3.02360685
  1.25688817
  3.11225492
  0.34497890
  0.71593167
  0.84728305
  1.41402413
  1.34856642
  2.86959595
  3.39616959
  2.28534068
  1.95281364
  0.64300224
  2.58227876
  3.17102632
  2.58975633
  2.28992362
  2.37981463
  3.65826493
  2.08728459
  2.36535840
  1.73495430
  1.22306606
  3.49156998
  1.46890482
  1.98392871
  2.22680172
  1.28564459
  1.48328910
  2.48961686
  1.64171072
  2.87775178
  1.32688469
  0.45924269
  2.93585397
  2.74590730
  0.92434593
  0.96777873
  2.86307664
  1.47552983
  3.02535101
  1.33830986
  3.65141075
  1.11219031
  2.30161433
  2.23989542
  0.88862808
  1.79578319
  2.15244109
  1.15948660
  2.69022079
  3.21961167
  2.79627750
  2.78050206
  0.68719157
  2.45121455
  3.11873776
  1.23222398
  1.26069582
  2.13926798
  2.61555863
  3.02536829
  2.64665382
  0.64669791
  2.92555803
  2.14436137
  2.76247507
  2.82287273
  3.26299314
  1.98736824
  2.15449399
  2.51057192
  2.09674994
  2.46144360
  3.11194556
  2.40022027
  0.49223266
  0.93871833
  1.17773242
  0.95880103
  1.81418328
  1.78864728
  2.28512378
  1.30249061
  3.51159760
  3.05080867
  1.81663409
  2.58876091
  0.57562190
  2.39707697
  1.13059689
  2.10149057
  3.11967801
  1.38357922
  2.52731422
  2.18987290
  2.63555770
  2.27083995
  3.69767496
  1.88293197
  1.35725288
  2.07485054
  2.24566630
  0.11722978
  2.45268846
  3.40850668
  1.25493593
  0.64583745
  1.42241420
  1.01925925
  1.86741007
  3.31394079
  2.11946440
  2.33097677
  2.03794900
  2.96756540
  2.44564338
  0.87342671
  1.20081887
  1.39534391
  1.65502868
  3.57869115
  2.38578815
  1.93387307
  2.73486974
  1.43571496
  2.48419416
  2.63804198
  2.76668099
  1.46538742
  2.38904812
  1.45689124
  2.03615581
  2.49706623
  3.33277508
  1.24144324
  2.14172788
  1.77133189
  2.67989469
  2.65312319
  1.77684275
  2.58424502
  2.89003483
  2.05835203
  1.15250990
  1.26839242
  2.24060245
  1.96640941
  2.83266749
  2.51608276
  3.17602157
  1.85497582
  2.84688548
  3.60280111
  2.71138763
  2.42429156
  1.97186673
  1.63733783
  2.38067997
  2.26330376
  3.51621388
  2.89724680
  2.48598825
  1.72296817
  0.36013280
  2.24708654
  2.83204133
  2.75367791
  3.41292022
  3.07078703
  2.49406724
  3.49358949
  0.77516162
  2.31932786
  3.65525661
  2.27578434
  1.43956132
  3.40549988
  1.59108655
  1.45210804
  0.05200474
  1.35496480
  1.31903375
  2.09311918
  0.48414590
  0.92190762
  1.83846654
  1.70196732
  0.27586136
  2.62905161
  1.58122604
  2.17448123
  0.88073747
  2.91091090
  0.80356230
  2.51272391
  1.78424159
  2.15015146
  0.61441077
  1.30612197
  1.33770552
  3.07892166
  1.32864482
  2.72768343
  2.49256073
  1.90694926
  1.96296381
  2.90567269
  3.59254745
  1.32809624
  1.59254080
  1.35754636
  2.49018098
  3.47030732
  1.51001357
  3.09679691
  1.40595391
  1.58404095
  3.29504571
  4.03474133
  3.71334338
  1.75347307
  0.03528951
  1.12669013
  1.47092287
  1.48578945
  2.18565383
  2.06028562
  3.25612107
  1.78919807
  1.31904591
  2.05835389
  1.16862830
  2.58987513
  2.68449561
  0.93827675
  1.34380798
  1.02174068
  3.25437196
  3.42492145
  2.49822593
  0.41256632
  3.89727549
  2.45467444
  1.23818388
  1.08416775
  2.36705565
  2.41966233
  3.19765144
  2.95648151
  2.49042332
  2.63254235
  3.51078200
  2.20642921
  1.20108832
  2.86306353
  1.38162937
  2.02383847
  3.02233927
  1.65285466
  1.16028661
  -0.06302471
  2.73055710
  1.30102161
  2.73923942
  1.87692598
  2.47724140
  3.56791388
  2.01646367
  1.74784212
  1.87148042
  0.65209918
  2.23108916
  3.08560947
  1.02861989
  1.08689607
  3.12647962
  2.17164227
  0.88720486
  2.03621671
  1.16030153
  2.22843847
  1.14514148
  1.22911727
  1.89925236
  0.88367876
  1.56447156
  1.21813277
  3.02593755
  2.37923183
  0.62452033
  3.19679975
  1.51109088
  2.22198007
  2.69965459
  1.01042674
  2.69896079
  1.45986460
  0.74051012
  2.60219163
  1.53651619
  1.39022149
  2.79633893
  1.80956313
  1.38545245
  2.06571597
  2.37211272
  1.29478554
  2.46083148
  1.18256610
  1.32448262
  3.20702216
  1.25596391
  1.70967618
  3.00224679
  1.77890935
  2.60086336
  1.11394329
  2.92953469
  0.69568813
  0.86800051
  3.81711437
  0.86976312
  1.00580372
  0.71083556
  2.48978533
  0.19837399
  1.27816606
  1.40570428
  2.06837938
  3.48166309
  0.78593541
  0.95236608
  0.91566792
  1.04767151
  3.39912742
  0.98168051
  0.53226398
  3.81250757
  1.70424619
  1.55840738
  2.48575746
  1.32440215
  1.54340211
  0.36513767
  2.00386688
  0.98412130
  2.94822257
  2.95214558
  2.12291071
  0.91308797
  2.64327687
  1.40317651
  2.88656448
  1.79421519
  1.13243724
  1.23150996
  2.22638371
  3.28402376
  0.64340857
  1.25745087
  2.49489924
  1.52795875
  1.03235230
  1.17447720
  -0.07069387
  1.24458815
  2.26831496
  1.66864327
  0.90513814
  1.21320109
  3.21094180
  3.85228305
  2.57630767
  1.15037608
  0.21277645
  1.38932791
  2.24885669
  3.22862000
  2.21547727
  3.20337238
  2.84759707
  2.95777436
  1.00589374
  2.60790353
  1.26884474
  2.13185952
  1.81583231
  1.96034634
  1.59604127
  1.16272762
  0.62224079
  2.21026327
  2.25271859
  0.27441269
  3.33847447
  2.13097321
  2.78793598
  1.73951065
  2.13200257
  1.29549678
  1.80917810
  4.26630188
  1.28127167
  2.17221884
  2.59784200
  1.60588186
  1.18321176
  1.76637646
  2.23561689
  2.67977745
  0.63325714
  1.44605444
  2.98360503
  2.41663147
  0.90990593
  1.70076335
  1.56063015
  1.61141313
  2.57075920
  1.68527105
  1.89796192
  2.67439884
  2.94395802
  4.02751089
  1.39478178
  1.59069110
  1.97737004
  1.92091671
  1.09776794
  2.03841815
  2.30539674
  2.79434843
  2.27716037
  1.76290512
  1.68520770
  3.37243889
  3.01866956
  1.93636504
  3.41414920
  2.60052176
  2.21011020
  2.66267502
  3.31702321
  2.53999755
  0.77672208
  1.53336041
  2.98823301
  1.97947676
  1.13042702
  2.66834590
  0.60881439
  1.46089042
  2.42299194
  2.40405347
  1.08018096
  2.26864111
  0.50601935
  3.59194046
  3.17037053
  1.70648470
  1.77474091
  2.46171051
  2.47005376
  2.76491557
  2.76991615
  2.26430831
  2.62033048
  2.82427724
  0.99293298
  1.42104345
  3.51330185
  0.81011877
  1.40380592
  2.40376167
  2.45856474
  2.24223950
  4.01906086
  1.49652781
  3.02575343
  2.54889823
  2.90491151
  2.18557672
  1.93558121
  0.97733757
  2.84897326
  2.71673579
  0.21347595
  3.14154003
  1.49859443
  1.40375565
  0.67030745
  2.46870212
  0.43984300
  2.75076764
  2.10109700
  1.26168469
  1.66277898
  0.65893348
  3.01947367
  1.58198116
  0.39818348
  2.97238776
  1.90708834
  3.71844013
  3.36570828
  1.08762099
  2.24884301
  3.79884762
  1.20008207
  1.72638785
  0.23681958
  0.55472088
  3.29525745
  1.39715145
  3.01081191
  2.73627846
  3.18446046
  1.90656602
  1.91581209
  2.86321031
  2.41507735
  1.22009245
  1.72364315
  2.63595105
  0.58188510
  3.21051575
  1.28313396
  0.68515081
  1.60084608
  3.99224547
  2.90093744
  0.51479067
  3.31945585
  3.69855081
  0.73570873
  2.00450309
  2.60676515
  2.83735955
  2.11837471
  2.96437286
  3.24244198
  2.77720962
  2.62605551
  0.93521112
  1.51443784
  2.87136630
  0.82736948
  0.88008497
  0.95950289
  2.88883708
  3.82800526
  1.34518883
  2.25014306
  1.74441273
  0.86531139
  2.66048429
  2.87303626
  1.20105642
  1.48018349
  2.07386630
  1.80637278
  1.00089956
  3.11591314
  2.45254986
  1.95698471
  1.17535344
  3.16079140
  2.02535224
  3.31646234
  2.21511812
  1.82350139
  2.88131880
  2.71749462
  2.03455837
  3.83709186
  0.61220766
  1.24726553
  3.21095106
  1.42171120
  1.76671696
  0.69668791
  1.97652778
  0.32123323
  1.64321916
  0.13864758
  2.35102103
  0.97226575
  2.31033896
  1.38560795
  0.54446308
  1.45378971
  2.99529402
  3.34367539
  1.07640675
  0.92544639
  1.04601624
  3.17228929
  2.15398468
  1.87333489
  3.03256551
  2.04306135
  0.58194922
  2.08648409
  3.37932703
  2.80778622
  1.85068003
  1.42858930
  2.51855348
  2.89652948
  2.00003116
  0.43144704
  3.71573305
  2.41441218
  2.98816313
  2.67294946
  3.20839195
  1.62290698
  2.04337775
  0.42562811
  2.06114077
  0.84700214
  2.37143658
  2.67556425
  0.52489196
  1.32490613
  1.38001405
  1.19344635
  1.68676139
  1.60575800
  0.63641390
  1.55284940
  1.09090503
  2.48671139
  2.24500790
  1.53569142
  1.35383831
  1.64630686
  1.78247702
  1.31451980
  1.18769803
  2.16444700
  1.49119552
  1.55284016
  3.85573367
  1.09927867
  2.49288884
  2.18157283
  2.31698111
  2.85654312
  3.24191503
  3.39035590
  1.19919270
