  10.40402112
  11.56643543
  11.23375239
  13.42657967
  11.23693509
  9.94339017
  11.44683133
  13.38038033
  14.06631185
  8.95206723
  10.62117542
  13.19686065
  11.80287825
  11.88625894
  8.36404213
  8.66084554
  12.07554449
  15.65128721
  11.04222131
  12.35240016
  8.73376636
  9.90198789
  10.25016818
  9.88797480
  10.20269062
  9.52418974
  12.85242197
  15.26850783
  8.67607181
  9.10433308
  8.30907726
  17.19216543
  13.79364673
  8.71982692
  7.74618644
  11.17002493
  11.49905537
  9.98127609
  9.79480549
  14.98837152
  16.43206369
  7.93852017
  14.52848407
  9.50060549
  9.44313732
  11.78823927
  20.82135698
  9.03313954
  10.81398155
  6.38775473
  15.56523176
  9.32315007
  9.51961028
  7.43333125
  8.99625939
  11.60403946
  13.41901289
  7.87918933
  10.36140911
  13.99100172
  8.45682824
  20.44638824
  10.19593879
  8.58408317
  13.27222013
  9.87807591
  11.19070430
  11.04751541
  13.00817946
  9.35237397
  10.32613591
  10.86053838
  8.77819815
  9.99944612
  12.81961039
  9.16318962
  7.56485282
  10.48683717
  8.10981176
  8.74208734
  12.88374559
  10.39110446
  8.31507830
  16.48396577
  11.15818378
  9.57457524
  9.72004200
  9.49588535
  8.96386743
  10.68577484
  15.88851170
  11.56751600
  9.98145349
  11.45589894
  12.58337485
  8.83948920
  12.80391410
  15.11500944
  8.84489891
  8.89678964
  10.16610307
  12.80921928
  14.89985903
  13.93118119
  10.82835184
  8.60682341
  9.80906548
  13.22146173
  8.56314003
  10.43824710
  8.52960347
  10.90589000
  11.54349035
  10.12042730
  10.91418242
  10.33550842
  9.32783410
  12.86564273
  8.61007283
  10.02779005
  8.42083385
  8.96188529
  8.88349969
  10.78596016
  13.18955371
  9.68195425
  12.27755439
  10.62751333
  11.54244440
  9.82759301
  10.87368462
  10.93145070
  10.25833017
  7.90244206
  9.14724415
  7.79176179
  7.88786466
  11.63379005
  6.99660764
  7.06815239
  8.79496225
  12.83927849
  15.29641008
  19.18223589
  11.23812112
  8.98033130
  12.94447095
  8.49079605
  13.70583202
  9.82920146
  7.66215643
  8.67073237
  12.36470004
  9.37664469
  11.66790317
  11.30059679
  10.21099392
  10.14434097
  8.17736324
  9.72688729
  7.61683912
  8.10664304
  10.53823143
  8.58351306
  16.65221586
  14.48029918
  9.77566670
  8.18697615
  8.74305359
  9.11709101
  16.39802903
  7.06715915
  8.04437231
  9.36769839
  10.42950765
  8.67299462
  11.79512379
  12.89708881
  8.17024098
  13.65746504
  6.40473992
  12.69342747
  11.45618625
  8.02811887
  11.04709735
  10.12003424
  9.58741426
  10.04476107
  12.13285029
  8.77740758
  11.67077264
  9.38470265
  12.00356109
  15.57054859
  15.30413530
  10.69073541
  9.54180446
  9.12895016
  9.61378073
  12.81762834
  12.19843281
  19.50036310
  9.71894344
  18.40441566
  12.28369385
  16.90819664
  10.80804633
  10.06490938
  10.03512882
  7.12563116
  7.32326290
  12.05815808
  13.52019301
  11.76614821
  10.54421203
  14.12953152
  8.26687560
  7.86222012
  10.29467288
  10.57527017
  8.74577210
  11.40336055
  16.76188810
  10.12518995
  8.84704166
  14.03212647
  14.82535551
  12.95191722
  11.79301699
  8.79003963
  7.77644216
  11.74391501
  12.73572949
  9.35346726
  10.03338947
  11.86782759
  14.92845427
  8.46583899
  17.25665390
  10.56911953
  8.72045153
  16.51631998
  18.08999151
  11.42235717
  18.05837068
  8.73120425
  15.11486306
  8.97501258
  13.90584603
  11.00305542
  10.85186144
  11.30080133
  11.86615358
  9.13822521
  8.17451655
  10.35227944
  10.60215266
  8.13361887
  9.80435605
  12.86178112
  10.58032489
  10.94523478
  9.66555867
  8.95156730
  9.87713102
  7.48925399
  11.88890206
  9.68815701
  12.19161333
  10.95692283
  12.42606517
  11.71177981
  8.50626536
  14.39823238
  10.28715883
  14.97595145
  10.87596451
  10.78882172
  10.14307415
  12.32726707
  13.73389552
  11.71795038
  11.82769249
  9.13251857
  6.90593168
  13.91002869
  10.70654408
  8.65434140
  11.36083502
  10.99154595
  9.41572591
  9.48501836
  9.79034840
  11.52902865
  11.54713130
  9.09982338
  8.85428028
  11.79099276
  10.94151514
  8.17258033
  7.71592665
  8.23176330
  8.48723475
  10.84718454
  11.05993398
  7.55099432
  10.28375439
  11.50033784
  11.66722317
  9.79097752
  8.29938151
  10.14517313
  13.70625114
  12.32243328
  9.02062904
  10.27281878
  13.63264260
  9.92145718
  13.73349103
  10.00118817
  8.81422072
  10.67132522
  9.30127898
  14.05802816
  12.99857665
  13.94078818
  14.75626616
  7.98479797
  13.53890044
  7.29512742
  10.65921745
  9.25739556
  11.06140634
  8.63284692
  9.44208149
  10.15831599
  9.46609078
  9.98456064
  12.25528771
  10.03331386
  7.58363958
  10.01166313
  12.70427213
  15.91236272
  9.04119171
  9.94201959
  10.57291241
  10.31456489
  14.91864826
  10.14504150
  13.02188164
  12.70958654
  8.21002051
  9.05294137
  12.61514876
  9.37891361
  10.19232393
  7.64535241
  7.69839630
  8.78872905
  9.52553886
  9.92991983
  10.89198026
  13.24194676
  13.07335491
  11.74829675
  10.03479580
  9.34572913
  8.95411802
  13.42358181
  9.48495105
  9.54335816
  10.16174066
  13.63001471
  9.05513996
  10.03158663
  18.97644763
  9.91321153
  12.32315770
  9.58389582
  10.05017629
  8.48723193
  9.09755729
  13.92434465
  14.11977121
  13.64861891
  9.16288159
  13.07699083
  9.48464486
  12.18139022
  10.16212626
  9.32318419
  13.47290425
  11.62070084
  13.27276871
  10.15734927
  8.89107494
  11.28682375
  9.58844752
  16.69889096
  13.09439551
  6.76475544
  8.37327860
  13.20212607
  7.57948894
  9.82074397
  11.45334069
  6.55874803
  14.91352032
  11.68607168
  10.16736329
  11.17786001
  15.61335670
  7.98160057
  19.80734911
  9.27423001
  8.63481381
  9.87905940
  12.14849414
  10.85167813
  11.93733430
  23.82975305
  11.78471763
  11.61203939
  9.41397550
  10.32559155
  9.23817133
  11.45607295
  8.93011700
  11.38636856
  8.39088725
  10.22467201
  12.10966308
  11.55676916
  12.43571079
  9.34210645
  14.76860982
  14.42709710
  13.19682786
  9.23565506
  9.15299204
  11.85515508
  11.49739051
  12.39997728
  10.89347102
  6.78009622
  10.74911179
  7.49919820
  16.95688889
  12.07900409
  8.64294152
  10.40388657
  12.16059050
  11.00260812
  10.62680516
  14.76336787
  11.13487983
  7.83943237
  13.87099016
  10.71724316
  9.74470870
  6.77098939
  11.02895803
  8.44938825
  17.13088935
  10.50071474
  9.92310500
  7.96077256
  11.00026968
  8.51287012
  13.83915103
  14.76736870
  16.32796647
  7.33052908
  19.00286090
  7.72908627
  13.93008382
  10.66078260
  8.51057989
  10.58906408
  9.08601869
  8.54075324
  8.44327698
  10.61597078
  12.03687843
  8.54547479
  15.75374757
  14.99262947
  10.15220739
  20.08578634
  10.05079981
  12.59338992
  11.91136999
  17.11859512
  9.34355035
  10.11991241
  10.67286323
  10.40567772
  7.62602721
  11.31788957
  9.41395775
  6.90300507
  11.56916726
  9.93191507
  8.67062155
  10.10933077
  11.36660133
  11.07293080
  12.78853634
  7.94146513
  9.26295625
  10.02136995
  9.14911390
  14.72583601
  10.97282434
  15.53845845
  8.95628178
  12.69952082
  10.35855887
  9.73995148
  7.35424081
  14.68071282
  8.07824386
  9.17737393
  16.16564276
  12.06927996
  12.90043307
  11.27442166
  9.29947329
  10.00212579
  10.19524359
  8.16096758
  9.00467518
  10.59245228
  11.38380530
  13.05739629
  9.94451667
  11.29968420
  12.03971266
  11.19435320
  11.24939087
  6.76148095
  9.37405117
  10.71964455
  8.31113036
  12.74829946
  10.70071529
  10.82512600
  10.23247293
  13.15900109
  9.09640018
  11.64165272
  10.24777004
  8.92218364
  9.95824256
  9.91164806
  13.14070044
  9.84731206
  10.87717303
  17.63931202
  10.23257363
  12.49153325
  12.67040432
  9.41189171
  10.88259371
  11.06412893
  10.88744919
  8.14043322
  10.98271780
  9.72640026
  12.00613657
  9.63286410
  11.76423232
  8.85067769
  6.80132774
  17.49853999
  8.07357014
  9.42175743
  9.35844777
  9.26409615
  7.82656280
  13.18178094
  11.00300667
  8.39983319
  12.21687988
  13.97186435
  10.38323539
  15.28905382
  11.69035229
  11.95654251
  8.23392227
  8.13766325
  8.47288643
  11.17575863
  14.35481854
  7.67846531
  8.16711195
  11.55607457
  8.26807311
  10.21370277
  9.27831642
  15.01948738
  11.30929392
  11.87444630
  8.31359123
  10.82578272
  11.23796503
  9.16222239
  14.67949361
  12.06983728
  11.47271864
  11.40882232
  11.29819026
  13.04074247
  16.36167613
  12.79624336
  10.16918108
  8.68161668
  8.30074183
  12.65418218
  8.39349542
  10.34986210
  9.92722502
  12.18737059
  11.23662111
  8.13979774
  12.29463379
  11.33369540
  10.80808106
  9.60779532
  12.46750294
  12.48256775
  8.11038762
  9.97194285
  11.84195645
  10.29757591
  11.19381201
  14.51921398
  8.63348808
  10.50028947
  9.86954634
  7.87744019
  9.38568801
  12.89823793
  8.77156967
  20.61195361
  12.81976284
  10.71674419
  13.13289881
  13.67363346
  11.56740323
  13.68704138
  7.96575039
  10.39703751
  13.13191586
  8.05616268
  10.02354596
  11.23327725
  15.88344978
  8.17470210
  9.98649724
  7.41335590
  13.64664361
  9.47743790
  14.80028645
  10.25227207
  11.88240893
  9.11159413
  14.60472834
  12.59086116
  23.73251598
  11.63832438
  13.07002057
  11.21240073
  8.69291314
  11.81268682
  9.61487746
  17.36593538
  9.77850668
  12.67552700
  11.24184854
  11.68371820
  8.19183433
  12.66036000
  11.33522052
  7.45779140
  10.34143036
  7.81762502
  10.44527451
  11.26151133
  9.03152898
  14.03593907
  13.00203820
  8.35561497
  12.38084720
  13.07158185
  10.25561548
  12.62102959
  10.60944543
  9.00007462
  12.51765999
  11.26919229
  13.99511728
  9.39129517
  10.92030176
  14.93539071
  11.03716500
  13.06236577
  11.83463619
  9.87489566
  9.07586495
  11.75118551
  12.63576775
  14.78393252
  7.44781615
  16.48673512
  11.69060229
  11.19692614
  13.13158404
  15.07886317
  12.05876674
  9.96587354
  18.81664033
  14.44129158
  10.01485566
  8.91981183
  8.66506144
  9.09272978
  7.51388273
  12.46247344
  14.76991633
  13.05593488
  13.22382042
  9.56637791
  10.12862378
  13.64606209
  9.86636308
  13.59309654
  10.73602158
  12.17787884
  12.03795145
  8.99210230
  10.24180802
  15.07831174
  9.12589839
  7.75817166
  11.49725038
  13.88415599
  9.34013936
  8.92616473
  7.12378627
  10.95012089
  9.33263709
  13.13967188
  7.59419084
  11.91389391
  8.02132158
  11.79834924
  8.28785092
  10.45940899
  8.72310022
  8.75009054
  17.81601140
  12.66390439
  12.82455735
  13.67242839
  13.40089770
  11.38558202
  13.43614299
  11.29522763
  10.56407014
  9.06963209
  13.11441615
  9.68048877
  10.56487625
  11.32812009
  12.01781750
  8.13341010
  12.11730774
  10.70238250
  10.24047134
  12.43874854
  12.87028191
  12.34023699
  7.49744682
  10.34860924
  6.97881676
  10.07579423
  7.99913689
  12.23162735
  14.54907129
  10.39889455
  10.51398408
  10.37415958
  10.94677167
  11.01989000
  16.96452873
  11.27256589
  9.73000650
  10.63768389
  10.16415213
  17.63812791
  10.94317695
  15.89079859
  11.46492101
  11.92504795
  11.72965660
  12.79789190
  7.62251978
  16.60827966
  11.08522284
  10.35089685
  8.35587174
  9.06344712
  8.36500177
  9.98372604
  9.85661437
  7.85209339
  11.01839512
  13.28488939
  8.53435941
  8.07382562
  8.96219536
  11.91033613
  9.94688551
  8.94951479
  11.88844382
  14.12236797
  10.64091750
  15.43445305
  10.39561411
  10.88068963
  12.24407196
  9.69800073
  9.02136681
  10.24492888
  12.15363698
  9.02376108
  12.61265620
  10.78198635
  9.04016630
  11.06535234
  11.94410769
  9.24512069
  16.59411982
  13.39534577
  12.08506372
  8.30639291
  11.74967535
  7.55997007
  11.62440943
  9.76295418
  12.95619488
  7.45283617
  11.60126542
  8.68506148
  8.86952462
  10.26103994
  8.42339161
  14.11444872
  14.27256540
  15.09799016
  9.23641075
  7.73218057
  8.57798866
  9.72912988
  12.17562145
  9.50628586
  13.44606873
  7.58938039
  13.41838504
  12.65076403
  11.49315636
  7.76440068
  9.73052920
  9.88939071
  9.51453359
  10.96531250
  10.02782966
  11.45698912
  12.13959808
  11.26638068
  9.53478135
  13.86372310
  7.85728934
  13.74227909
  9.04122553
  11.38703618
  9.59490527
  10.08733771
  8.42637507
  10.53313638
  9.76455206
  11.56298942
  8.25434316
  11.80329658
  9.15571755
  15.13038679
  9.14170337
  11.98811679
  8.34513308
  11.63716914
  7.95707138
  12.09788615
  10.07427329
  11.20443340
  14.43692852
  12.89399272
  7.23355553
  11.54744200
  12.80794459
  9.73211625
  8.25953313
  12.83563118
  10.69738750
  13.33570524
  8.44300777
  11.27332007
  8.53357326
  14.43937138
  10.19206075
  13.62260863
  8.82362340
  9.00868139
  15.82778265
  13.13151937
  16.68779498
  7.60233466
  9.14091140
  8.56262277
  10.50672237
  11.55161672
  10.12891773
  8.05858764
  9.44342766
  12.87119937
  11.20645371
  10.89319124
  7.84023676
  10.25107071
  13.39159991
  11.38035786
  10.27668076
  8.17058495
  13.34322360
  10.51427453
  10.61371707
  15.43598286
  9.31748785
  10.42169409
  11.68289647
  9.49059556
  10.68899499
  9.98063349
  7.42398883
  9.44633196
  10.42264117
  11.27602601
  10.67793640
  9.22564048
  9.05778895
  8.60103884
  10.24080656
  10.59867554
  10.85284726
  9.83128060
  9.88866234
  10.73190892
  12.14643239
  9.06521508
  9.81740612
  13.67738268
  12.32153034
  12.24645712
  7.57032197
  14.95352929
  9.26295188
  8.95753095
  9.50417989
  9.08829879
  8.60464444
  11.44609733
  11.11709795
  17.26462630
  10.67228822
  10.54369147
  10.33634855
  8.63370094
  8.78830573
  12.81137796
  13.93329789
  9.66880333
  17.14048059
  9.11226316
  13.33698289
  9.39543959
  11.51969197
  9.12861976
  10.32411477
  11.06819720
  10.81887152
  14.67557883
  11.34690052
  14.36276427
  10.24560203
  11.85897671
  10.19414809
  8.99747434
  9.54810210
  8.91403494
  13.16665867
  12.14349484
  11.52958053
  11.13528456
  10.14541752
  10.28510250
  9.71139462
  11.01589249
  13.27217761
  17.25130405
  7.82243178
  9.29554450
  10.67420631
  15.93685313
  10.05221646
  10.83203150
  13.91747606
  8.54818215
  12.05847860
  8.73639406
  7.27296843
  9.32839519
  10.50866858
  13.29150869
  9.24467535
  15.91255903
  15.11844301
  10.80147167
  11.87720886
  12.01321938
  8.89727368
  8.46607987
  11.29220994
  12.23155611
  14.67713517
  13.83897928
  11.97008468
  11.45385660
  8.86458685
  10.97826329
  14.93784641
  13.09109040
  10.38894854
  11.70583402
  11.66353995
  10.80926731
  8.57044205
  11.00776395
  11.09191348
  11.52349950
  12.90222086
  9.47344630
  13.50189446
  12.62655486
  16.12950417
  12.26629438
  7.75538635
  9.28752480
  7.51862453
  10.84177931
  7.68190377
  13.23729129
  16.31443340
  8.94973944
  11.69337838
  7.93057947
  9.98950394
  14.04200540
  10.94048156
  15.25217508
  13.09906606
  8.12207455
  16.78146036
  9.51607971
  13.94945975
  8.84088122
  11.18184544
  14.31590826
  13.45839023
  8.56667741
  9.77295897
  8.91388739
  12.68789609
  11.24325780
  11.18134412
  10.18765505
  10.32082869
  11.83513189
  8.22172916
  16.32945291
  11.39554646
  8.60184331
  10.97637764
  10.84877856
  14.19705695
  12.55599062
  10.46968384
  17.19154002
  11.15657615
  8.56374004
  9.12158079
  16.13575484
  10.27797155
  17.32931254
  12.40623446
  8.09594502
  8.16719311
  9.92223995
  9.41712207
  11.30718029
  8.51863106
  10.20915616
  10.42452104
  8.43036061
  11.55770849
  7.94284266
  9.34420138
  10.65865388
  21.34894052
  12.56389215
  10.71081349
  11.73777451
  9.93367614
  9.94553232
  7.73169587
  16.94111940
  9.87130604
  9.74732458
  14.23298045
  6.89782451
  12.59841627
  12.16660536
  6.46910096
  10.54927718
  7.71701855
  11.19566859
  8.13579383
  8.57727078
  11.84403391
  8.37572133
  19.05844835
  14.62576420
  8.37813137
  10.26129823
  11.58542421
  12.18485927
  9.12877955
  7.42018452
  10.00646631
  10.55444796
  16.11451460
  8.88484081
  14.17237016
  14.87110465
  12.36531445
  10.35385997
  9.95316831
  9.41078625
  12.50147042
  15.03401542
  15.36394364
  8.64363708
  14.92496423
  6.92559098
  11.14722174
  8.72754431
  7.50051680
  10.62883817
  7.23994225
  8.04174681
  7.82146608
  10.66595338
  8.00626588
  12.50778132
  10.50365408
  11.86019649
  12.74290365
  12.00119698
  9.92555067
  22.19284400
  11.54445953
  12.13574941
  18.81268647
  9.48639854
  11.05437204
  6.29131191
  8.38152176
  9.49077931
  9.52674812
  13.57750896
  9.94552955
  9.17689638
  11.16618150
  9.52145261
  8.59734415
  7.46827193
  9.20204818
  11.95119264
  10.50780755
  14.21632095
  8.60507683
  7.38286138
  8.48519402
  11.46960863
  10.82814684
  8.39744930
  14.64359168
  11.91320020
  8.13089912
  9.16855695
  15.98359604
  9.98925939
  12.20820942
  8.88759049
  10.17019164
  14.25972398
  9.43464220
  12.86910676
  7.86733597
  9.28089574
  12.42618113
  12.56694169
  11.71627228
  13.98691753
  12.52820441
  15.91976134
  14.22881023
  10.56223344
  13.96707165
  11.04758759
  17.14069689
  8.47237536
  12.18478065
  11.40675355
  7.73806170
  17.68460024
  18.80196255
  10.11114637
  11.14896146
  9.94924444
  10.08894537
  11.64427783
  9.07643879
  12.94570282
  10.84216557
  8.31087817
  10.08836069
  13.60083156
  10.03848504
  15.10551170
  14.56086531
  8.84087750
  13.10817595
  7.41203956
  9.50935490
  10.82582505
  13.08741375
  12.61597975
  9.28175159
  11.40945953
  10.04062591
  23.35562004
  8.89413689
  7.02455834
  11.71300191
  9.31248447
  6.62842076
  12.63707855
  8.49445598
  8.37280459
  11.23366990
  8.41973958
  10.47482824
  8.97764796
  17.90056250
  7.00845357
  9.42980960
  11.61538346
  6.12351504
  9.53078649
  11.92991033
  13.00765828
  7.40383814
  12.07620198
  10.34102967
  11.41074449
  8.31030973
  14.26533645
  9.19271578
  10.08940991
  9.09428015
  13.49796266
  12.04576087
  9.19654609
  10.01505341
  16.70645123
  10.89289337
  11.20757777
  10.84557005
  8.41272559
  10.43672864
  13.73119030
  11.24855975
  11.87795403
  8.51351517
  10.32576817
  7.21894073
  9.75036596
  10.16238239
  12.25841502
  9.14175446
  11.82724130
  13.26043935
  11.83223686
  10.65866387
  10.45662238
  11.27516990
  9.22485927
  9.54532721
  9.33486994
  13.68485743
  9.19348459
  14.06644589
  9.10867189
  14.27127589
  10.43596558
  10.41098266
  10.14582003
  8.38221942
  10.86787778
  13.01558335
  8.74704592
  8.09402094
  9.58408107
  16.47819658
  11.87252873
  14.09810102
  11.92403905
  12.06440300
  10.73030217
  11.00817573
  14.72418336
  9.49711283
  9.18897989
  11.85672748
  10.63419447
  11.94617723
  10.23426216
  9.11990861
  15.62449847
  10.64240955
  10.59722791
  10.79915125
  10.42753158
  10.13096971
  8.90697532
  7.50218438
  12.91646077
  8.96313629
  14.54720095
  9.16896686
  8.09598496
  11.10796741
  8.71010008
  9.05363143
  16.53515719
  12.13277780
  10.30393099
  8.58033058
  10.48907949
  7.68913862
  7.38328922
  10.45704876
  11.32336227
  12.28817628
  10.39256531
  15.97190173
  10.02381484
  17.10473533
  8.43607641
  9.98515560
  13.98658155
  9.76318430
  11.78418377
  9.71079969
  10.57210196
  7.41988259
  13.87168946
  12.41579862
  9.45016086
  12.83577087
  8.83342287
  11.33468064
  8.18066941
  7.52261734
  13.24794374
  10.48863710
  11.57104940
  11.10350763
  14.41745815
  8.21594663
  11.52423460
  10.27350838
  12.89447364
  10.42462583
  8.48991208
  8.07467607
  12.94775640
  12.08975549
  11.56439020
  8.79328085
  10.67021456
  10.89355857
  12.80295486
  8.60781739
  11.28460909
  12.50466132
  9.27126115
  11.06996621
  7.96260612
  14.57411030
  9.92314687
  7.02043647
  8.87642184
  12.33900699
  9.10407422
  11.34199380
  7.32671147
  7.80405095
  11.21765187
  9.11908509
  13.67751931
  11.31329761
  11.69874593
  10.48118916
  10.65984855
  9.40653636
  7.52907569
  12.23326091
  9.86397836
  17.12113999
  10.74803260
  11.71293685
  17.33332986
  9.30552383
  9.58187148
  10.89984243
  13.49530379
  19.04144774
  14.91250345
  11.79544121
  12.01756343
  11.58451185
  10.21421524
  9.88195391
  12.39097701
  10.18717823
  8.13780983
  12.64425080
  8.07321001
  11.74100359
  9.54624865
  11.27114099
  8.85806589
  9.84633293
  9.27052609
  9.77719979
  12.06496345
  14.23321321
  9.25007428
  12.55175446
  14.31972314
  7.55663962
  10.02219757
  7.40200673
  9.78422874
  13.82630406
  11.48503833
  8.62772711
  9.65090140
  14.22149087
  11.47241709
  9.66671869
  13.57479685
  10.96642011
  11.08624554
  8.54165774
  11.74211883
  10.40535757
  16.38621202
