  -0.20177119
  0.12470344
  -0.15293961
  0.11379911
  0.04806892
  0.11649312
  -0.09348859
  0.31546994
  0.18556560
  -0.02483963
  -0.26856214
  -0.17970117
  -0.06177439
  0.14814751
  0.11794552
  0.50137364
  0.07584723
  -0.52526558
  -0.15092927
  0.30827381
  0.06197718
  -0.01815971
  -0.19640044
  0.00720752
  0.27193027
  0.00212376
  0.37043789
  -0.27589934
  0.13319666
  0.21246629
  0.48998043
  0.21529489
  -0.08303694
  -0.23388632
  -0.00096587
  -0.30433733
  -0.30506210
  0.03207077
  -0.59009474
  0.30537176
  -0.15048384
  0.49328372
  -0.06242916
  -0.05856151
  -0.43131675
  -0.05115813
  -0.24840670
  0.08653216
  0.14754449
  0.19895625
  0.06453607
  0.06671568
  0.17996214
  0.14675983
  -0.45203379
  -0.47315439
  -0.17462898
  -0.23949986
  0.09254215
  -0.32939822
  0.19277528
  -0.43993193
  -0.05495918
  -0.18736097
  -0.11686505
  -0.26189930
  0.29224119
  0.39316590
  -0.35233932
  0.70385706
  0.09886412
  0.08850238
  0.09120170
  0.11691726
  -0.06825457
  0.37195564
  -0.00602696
  -0.18292590
  -0.24912791
  -0.21726433
  0.53717901
  0.19773989
  0.05089078
  0.30446770
  0.11017722
  0.06710339
  -0.01243136
  0.18575724
  0.05375069
  0.31388759
  0.10763268
  0.21047129
  -0.19762803
  -0.26313173
  0.10647811
  -0.00910561
  0.18788365
  -0.08841503
  0.08578159
  0.07591210
  0.19211033
  0.35604147
  0.18474535
  -0.19832846
  0.32897884
  -0.20293147
  -0.07310594
  0.21316284
  0.48440731
  -0.30499857
  -0.35304178
  -0.04758811
  0.31505413
  0.02824160
  0.11383802
  -0.31670256
  -0.00123442
  -0.15003467
  0.07249142
  -0.05344140
  0.44615424
  -0.03363457
  0.02574747
  0.03505352
  -0.12039703
  -0.22429435
  0.04601866
  -0.47930703
  0.25243282
  0.08137219
  -0.28091790
  0.14459704
  0.33767423
  -0.07744442
  -0.18722835
  -0.10325855
  0.38267393
  0.27212927
  -0.26728661
  -0.03684716
  -0.07387979
  0.04768079
  0.48790323
  0.17686501
  -0.22826486
  -0.05857296
  -0.24400381
  0.05855266
  -0.22665397
  0.22872333
  0.50045175
  -0.48286155
  0.25016522
  -0.22151864
  -0.10524815
  -0.40206696
  -0.01557480
  -0.37041357
  -0.08134036
  -0.08857880
  -0.44733538
  0.28386344
  0.10773629
  0.09324632
  0.13642164
  0.02720576
  0.16549266
  -0.30569169
  -0.25198572
  -0.13328219
  -0.41754855
  0.16101209
  -0.26427721
  -0.25778947
  -0.07683679
  0.02215694
  0.15877453
  -0.00609169
  0.30822316
  0.31745558
  -0.23001582
  0.11448353
  -0.08375405
  0.00036060
  0.21996004
  -0.08189717
  0.18772431
  -0.29603582
  -0.02111617
  -0.04855207
  0.24169344
  0.28377854
  0.07056262
  0.14351361
  -0.08356074
  0.00818679
  -0.08848529
  -0.11722113
  -0.36947553
  0.36081212
  0.15365633
  0.20559104
  -0.31060973
  0.23172037
  -0.05723832
  -0.28563185
  0.07531910
  0.00224769
  -0.26514957
  -0.19321608
  0.20536523
  -0.13622644
  -0.34658995
  -0.29908881
  -0.34155107
  -0.41933964
  -0.13300619
  0.00091262
  0.08051699
  0.01787957
  -0.19084711
  -0.01449291
  0.26636923
  0.27136174
  -0.01734533
  -0.43691639
  -0.18627907
  0.24228187
  0.23742201
  -0.12662722
  0.35499859
  0.19435500
  -0.05421751
  0.31391351
  0.18693653
  0.10859982
  0.06784462
  0.03374545
  -0.12439870
  -0.47766103
  0.29500702
  -0.48786494
  0.14052239
  0.06953321
  0.32062549
  0.02223958
  0.20350285
  -0.30252291
  -0.26323264
  -0.49679654
  0.38530456
  -0.13840792
  -0.35430281
  -0.22172625
  0.15400980
  -0.27765540
  0.34836488
  0.24253844
  0.05851837
  -0.13007835
  0.54136359
  0.09707150
  -0.02165650
  -0.13665654
  -0.26869521
  0.27680670
  -0.42240789
  0.07999790
  -0.28160847
  -0.17735698
  0.24371101
  -0.38975716
  0.08403306
  -0.27838387
  0.12267292
  -0.25816712
  0.13318886
  -0.20077063
  -0.08130907
  0.26521182
  -0.00005658
  -0.01219361
  -0.25108420
  0.23450945
  -0.10761359
  -0.06327685
  0.10422728
  0.73369489
  -0.04433179
  0.03486868
  0.23015281
  0.20194850
  0.13262243
  0.27519746
  -0.08469966
  0.45569654
  -0.43675721
  0.10850114
  -0.35663857
  -0.42887909
  0.35216031
  -0.10787759
  -0.50558259
  0.04786728
  -0.03135811
  -0.17778808
  0.07964838
  0.01319016
  0.19634833
  0.05439775
  -0.45320561
  -0.07331537
  0.21495340
  -0.15298149
  -0.07798919
  -0.00112733
  -0.34776292
  -0.18582939
  0.20088144
  -0.45360586
  0.32360231
  0.09842352
  0.45294330
  -0.16468668
  0.09161848
  0.13652950
  -0.51595748
  0.13737718
  -0.28744062
  0.06643626
  0.32996473
  -0.01922027
  -0.08614081
  0.05140628
  0.00694954
  -0.00667480
  -0.13577251
  -0.22861633
  0.36256348
  0.04235209
  -0.14373823
  0.05795302
  0.23496617
  0.29053953
  -0.25445093
  0.30127107
  0.12570369
  0.06368804
  0.02673283
  0.10149750
  -0.15086216
  -0.00597984
  0.23102939
  0.08789818
  -0.11830860
  -0.22664332
  0.14711226
  0.61276424
  -0.19327141
  0.13537020
  -0.12853210
  0.02936376
  0.14186538
  0.12362246
  -0.01239958
  0.03423493
  -0.03591514
  0.19109814
  0.19757011
  -0.06182995
  0.07249893
  0.27877137
  0.39714805
  0.15311791
  0.16573767
  -0.66580615
  0.14990446
  -0.25521405
  -0.27617511
  -0.48803068
  0.25923133
  0.00533172
  0.09889263
  -0.11176457
  -0.11797556
  0.08345914
  -0.05576326
  -0.23664708
  0.17720365
  -0.19622399
  -0.01139145
  -0.01713167
  -0.56662976
  -0.52265281
  -0.10091070
  -0.09958572
  -0.26998656
  -0.25094628
  -0.04953042
  -0.35466257
  0.31695921
  0.24979445
  -0.09504812
  0.04220385
  0.58852339
  -0.23135437
  0.14797753
  -0.33147425
  0.32611787
  0.11596002
  0.43139009
  -0.18243717
  0.13539921
  0.15196544
  0.26138364
  -0.29814090
  -0.07284328
  -0.36344314
  0.06466453
  -0.17322100
  -0.39779457
  0.02240275
  0.03182627
  0.16222751
  0.21039762
  -0.10005371
  0.15672271
  0.13672447
  -0.38169527
  0.36043119
  0.10200371
  0.38763727
  -0.19766926
  -0.03391154
  0.13734812
  0.01482522
  0.21956469
  -0.20510713
  -0.36482410
  -0.24531666
  -0.16610008
  0.24785074
  0.35558499
  -0.33202706
  -0.27505396
  -0.48201933
  -0.23757095
  -0.25867138
  0.36793961
  -0.15042240
  -0.31308848
  -0.15675206
  -0.28835864
  0.02757626
  -0.45423648
  -0.06916915
  0.11193017
  0.13191412
  -0.41675746
  0.38378579
  0.18547599
  0.15502036
  0.02924222
  0.06100596
  0.28565574
  -0.19958237
  0.29084519
  0.09112631
  -0.24289765
  -0.49037463
  -0.11246418
  0.27027985
  -0.14030193
  0.26320033
  -0.37189578
  -0.03457558
  -0.18465281
  -0.06931742
  -0.25364348
  0.03653106
  0.28170784
  -0.31044011
  -0.13983207
  -0.34274156
  0.05702945
  0.21031915
  -0.03223401
  0.53512679
  0.15775590
  0.10187797
  -0.35336399
  0.24872625
  -0.27563596
  0.19821004
  0.09164941
  -0.04388974
  0.01377056
  -0.00770720
  0.05239346
  -0.28826313
  0.22746884
  0.18647187
  -0.14434173
  0.11337017
  0.16130866
  -0.03750699
  -0.20737606
  -0.28181972
  -0.34219339
  0.14509712
  0.03184024
  0.26779811
  -0.32713030
  0.08761506
  0.11462930
  0.01313449
  0.13258778
  0.38236998
  -0.09246060
  -0.07199823
  0.32737104
  -0.04431178
  0.06776432
  -0.15135605
  -0.42768092
  0.03456983
  -0.17312203
  -0.21917048
  -0.45631728
  -0.17715542
  -0.02244209
  0.01236774
  -0.01140516
  0.03741400
  -0.61558991
  0.25415323
  0.02754546
  0.20298226
  0.23762936
  0.23855189
  0.13574450
  -0.01138130
  0.06135608
  0.19199312
  0.09672693
  0.15253638
  -0.14682062
  -0.20284088
  -0.14708518
  0.50249173
  0.15691005
  -0.25910462
  0.00501977
  0.29212768
  0.17241472
  0.39837665
  0.30703877
  0.16277136
  -0.31931976
  -0.31973446
  -0.40144265
  0.22893190
  0.20943765
  -0.39141715
  0.00094177
  -0.15331582
  -0.21249965
  0.57685754
  -0.14955384
  0.11550542
  -0.04026038
  -0.78932677
  -0.52225217
  0.36255651
  0.16601178
  0.02872957
  -0.43166249
  -0.04884894
  0.40873751
  -0.32636225
  0.03305847
  0.10153611
  -0.16825061
  -0.02364236
  0.15760805
  0.05582681
  0.09713501
  0.14558121
  -0.61860423
  0.60168748
  -0.57311170
  0.00592753
  -0.13505786
  -0.05949635
  0.33956166
  -0.05756430
  -0.00564628
  0.25608108
  -0.07902560
  0.21294975
  0.06102944
  -0.04780165
  0.46558923
  -0.15940505
  0.22098789
  0.46674384
  -0.35688026
  0.21127808
  -0.04385922
  0.10062849
  -0.04970567
  0.08733222
  0.24347995
  0.09086656
  0.04042054
  0.00912981
  0.15118440
  0.16832109
  -0.11376277
  -0.11682973
  0.04150389
  -0.14903691
  0.58156121
  -0.02819350
  -0.15765735
  -0.20083641
  0.11743705
  0.22084995
  0.18781352
  0.29424086
  0.05265963
  0.15120419
  -0.37493997
  0.01266803
  -0.30730317
  0.32995468
  0.43824897
  0.00807040
  0.07418437
  0.38418853
  0.18828648
  0.11110511
  0.04612596
  -0.24454946
  -0.17764619
  0.06443219
  -0.19030141
  -0.23556970
  0.38822327
  -0.30479742
  0.22474526
  0.03203342
  0.32436924
  -0.23459642
  0.20839041
  0.18551042
  -0.10889192
  -0.43413526
  -0.29234752
  -0.05252313
  -0.19991650
  -0.07085069
  -0.26953143
  0.03166344
  0.00481746
  0.02168589
  0.03012898
  -0.10840165
  -0.23729395
  -0.49423106
  0.08899792
  -0.13986761
  -0.02972358
  -0.04929969
  -0.19894688
  0.21880983
  0.06354767
  -0.20831988
  -0.17361643
  0.38780993
  -0.28071780
  -0.25738064
  0.14141598
  0.16398327
  0.35291749
  0.36564064
  0.15020322
  0.41071271
  -0.17345908
  -0.45811273
  0.58683630
  -0.24389821
  -0.17475945
  -0.05204336
  0.04293261
  0.23302604
  -0.18234900
  -0.35271134
  0.42203426
  -0.02066899
  0.08205150
  0.20668652
  0.26751355
  -0.19662771
  0.20083289
  -0.36333519
  0.07817060
  0.21966024
  0.15146736
  -0.13265600
  -0.44964588
  0.05281629
  -0.39714125
  0.01451689
  0.23556514
  -0.06444664
  0.32612528
  0.04725229
  0.23600591
  -0.50502469
  0.25045604
  -0.13862012
  -0.29460438
  0.37882489
  -0.10509145
  -0.05618922
  0.21449428
  -0.10236351
  0.14283046
  0.03023751
  -0.07279411
  -0.18725176
  -0.02386654
  0.27962880
  0.15442699
  -0.04727695
  0.11641681
  0.02848816
  -0.10809029
  0.01203298
  0.13645428
  -0.42579352
  -0.30135319
  -0.09262931
  -0.15635898
  -0.08485048
  0.20526714
  -0.24378032
  -0.26218372
  0.29164510
  0.31513481
  0.06754099
  0.39523076
  0.09710427
  0.15307016
  0.29350089
  0.23958010
  0.23786156
  0.31765031
  0.16795367
  0.12702624
  -0.14944123
  -0.10176230
  -0.03022903
  0.20958231
  0.44039234
  0.26634239
  -0.23386316
  0.07793849
  -0.10238959
  0.18549130
  -0.35996359
  -0.45745967
  -0.19573386
  0.09204094
  0.24341214
  0.02104589
  0.47178299
  -0.33324033
  0.27955876
  0.25441592
  0.09054514
  0.15341816
  0.26774695
  -0.05949473
  0.23645654
  0.52984971
  0.29704570
  0.41395479
  0.00205841
  0.07561992
  -0.50895727
  0.13179532
  0.06288973
  0.19801395
  -0.07386751
  0.08574567
  0.13169292
  0.00438409
  0.04969049
  0.10616401
  0.31339095
  0.25967618
  0.00865057
  -0.00116433
  -0.10045418
  -0.27127190
  -0.05844971
  -0.23937440
  -0.20579429
  -0.03143744
  0.09182850
  0.12325317
  -0.31359274
  -0.02678300
  0.04210095
  0.12572481
  -0.15055555
  -0.16313072
  -0.21753447
  -0.45666995
  -0.03366687
  0.18747696
  -0.35220171
  0.02435401
  0.10059437
  -0.05621863
  0.31235309
  0.32545993
  0.17604517
  -0.20048991
  -0.49184122
  0.01938096
  0.02108123
  0.18349332
  0.39110374
  0.28491516
  0.09111999
  -0.01270310
  -0.24729661
  0.16705093
  -0.17555784
  -0.09756444
  0.33038083
  -0.03721764
  -0.29294685
  -0.17157764
  0.30033661
  0.02683548
  0.32200935
  -0.09668666
  0.08875552
  -0.06460380
  0.19729165
  -0.19010571
  -0.01681479
  0.26520791
  0.02357972
  -0.01326397
  0.18419222
  -0.30420666
  0.08938717
  -0.22253303
  -0.19434613
  0.06380430
  -0.09461936
  -0.11834853
  -0.12684769
  0.44299062
  -0.12611562
  -0.10007565
  0.64139826
  -0.24096508
  0.09187675
  0.46522196
  -0.16089085
  0.07016198
  0.12132481
  -0.23838897
  0.23374713
  0.37897401
  0.24545139
  0.05300795
  0.17532343
  0.50358923
  -0.04501120
  -0.14522500
  0.42943233
  0.80186933
  -0.14448688
  -0.10129901
  0.02691389
  -0.18663747
  0.29840409
  -0.06962144
  0.12584084
  0.19534994
  0.22652331
  -0.09606838
  0.41073675
  -0.26784896
  0.03535029
  0.07198912
  0.04693118
  0.08797595
  0.08004729
  -0.30645572
  -0.33270069
  -0.00569344
  -0.21703461
  -0.14581316
  0.16024822
  -0.00830367
  0.22812214
  0.17651347
  0.17094327
  0.20457048
  -0.27740664
  0.11554207
  -0.03169423
  0.24786177
  -0.05104469
  -0.21924863
  0.06734261
  -0.32360328
  -0.06328662
  0.09450379
  0.23611328
  0.29192434
  -0.47879693
  0.04514796
  -0.08385156
  0.12749952
  -0.18390218
  0.03730632
  -0.03920014
  0.24054441
  -0.39141903
  0.19245885
  0.29398020
  -0.08820832
  -0.40890803
  -0.13516288
  -0.23174570
  0.19908559
  0.36067147
  0.19765814
  0.24286857
  -0.23373223
  -0.01068520
  0.21446793
  0.15073757
  -0.17735391
  -0.01633324
  0.44611501
  -0.10277182
  -0.28787995
  0.34481474
  -0.04468026
  0.16218678
  -0.01871373
  0.08803615
  0.21385748
  0.17458737
  -0.40494699
  -0.04040350
  0.23783772
  0.13270789
  -0.15471707
  -0.05382360
  0.69960905
  -0.24335624
  -0.14470583
  -0.05147773
  -0.04691688
  -0.04913397
  -0.13685762
  -0.11031269
  -0.11194489
  0.30057051
  -0.25126398
  0.04722747
  -0.21760024
  0.41755827
  -0.03638886
  -0.15126135
  0.09535993
  0.22645107
  0.19582980
  0.25485919
  -0.01815600
  0.20330506
  0.15775852
  -0.09677599
  -0.06684920
  -0.39162786
  0.36036612
  -0.18628635
  -0.58388274
  -0.02884007
  -0.02367701
  0.01870506
  -0.20712093
  -0.22404312
  0.07451416
  0.06183248
  0.09691557
  -0.06354950
  0.24913948
  -0.39609541
  -0.32462702
  0.07564470
  0.05742765
  0.10882533
  -0.16200299
  0.35693827
  0.52687647
  -0.49580390
  0.09645401
  0.26118165
  0.08870830
  -0.32185322
  -0.17283206
  -0.27624918
  -0.33253487
  -0.35249111
  -0.04526273
  -0.17032357
  0.14307974
  -0.11049380
  0.06282495
  0.27861078
  -0.24942607
  -0.18372039
  -0.18347500
  -0.16077541
  0.22867419
  -0.11595183
  -0.14188698
  -0.08389176
  0.10620614
  0.42011684
  0.16055515
  -0.40342701
  0.47605036
  -0.26869803
  0.07581542
  -0.18777358
  -0.21174956
  0.18248157
  0.06512787
  0.02845251
  0.23536660
  -0.09113887
  0.17787357
  0.11130956
  0.14205927
  0.19403417
  -0.28399260
  -0.27375828
  -0.17646621
  -0.19059505
  -0.29083699
  -0.35867940
  0.11970923
  -0.15457758
  -0.06026296
  -0.59168649
  0.06393461
  0.24849771
  -0.13331070
  -0.11216676
  0.04964035
  0.05724237
  -0.45328261
  0.41358970
  -0.27693579
  0.46659723
  -0.62446363
  0.17176078
  0.40433627
  0.03638192
  -0.13895499
  0.06345020
  0.03517447
  -0.00830788
  0.19166531
  0.04468766
  0.06957971
  -0.48513514
  0.04302660
  -0.17102941
  0.19369732
  0.05161605
  0.30326841
  0.09554684
  0.25995004
  -0.10057052
  -0.07007982
  -0.22604903
  -0.08671523
  0.34060991
  -0.15043477
  -0.18401638
  -0.19823528
  -0.50332416
  0.11442660
  -0.23501213
  0.17207450
  0.03889523
  -0.15885738
  0.26831437
  -0.11921433
  -0.20261524
  0.12756172
  -0.43912261
  -0.01098143
  0.44894282
  0.20049282
  -0.13125780
  0.24953564
  0.07471425
  -0.25850304
  0.18952145
  0.07503496
  0.01243929
  0.47747738
  0.02294388
  0.00519825
  0.17402626
  0.10630113
  0.02643761
  -0.08212244
  -0.30923876
  0.03842685
  -0.23973952
  0.21191946
  0.46317184
  -0.21877423
  -0.14194011
  -0.06873310
  -0.00393729
  0.15265110
  -0.62648849
  -0.22262584
  0.18561006
  0.01397685
  0.28849446
  -0.32668147
  0.34960906
  -0.02143011
  0.14639778
  0.04091370
  -0.07660641
  0.07348785
  0.25436003
  -0.16145275
  -0.15913843
  -0.28962448
  0.17253128
  -0.32376762
  -0.10230394
  0.21334859
  0.20109312
  0.13636640
  -0.14312947
  0.01632016
  -0.01329743
  -0.40265990
  0.10025721
  0.28174083
  -0.19376413
  -0.40676595
  -0.26633786
  -0.41293427
  -0.26771495
  0.22757000
  -0.11297089
  -0.08016623
  0.07823634
  0.37179903
  -0.12953637
  0.40112714
  -0.03383947
  -0.48807038
  0.24437793
  0.33636403
  -0.24971855
  -0.17852110
  -0.16868720
  -0.08453898
  0.00095565
  0.28634149
  -0.23214178
  -0.50659696
  0.26577853
  0.20823008
  -0.25935258
  0.19224338
  0.09504976
  0.08930212
  -0.27677925
  -0.18953679
  -0.01252886
  -0.00087995
  -0.15694492
  -0.07491431
  -0.09373421
  -0.15703711
  -0.11159150
  -0.15276385
  -0.02918459
  -0.07480475
  -0.29531121
  0.18654808
  -0.00629833
  0.34667372
  0.28092119
  -0.29120238
  0.09395155
  0.27667959
  0.48401393
  0.00342019
  -0.05624427
  -0.19019556
  0.18259540
  -0.01326102
  -0.07811206
  0.24515127
  0.24109991
  -0.09947074
  0.13796687
  -0.18259818
  0.06175132
  0.20424997
  0.15342452
  0.34913320
  0.17038623
  -0.09367017
  0.18454205
  -0.04761573
  0.21702199
  -0.11565086
  -0.13889448
  0.04960671
  0.10924018
  -0.26320498
  -0.24988292
  -0.16204021
  -0.18247140
  0.43395774
  -0.22917544
  -0.28080275
  -0.21794805
  -0.22474529
  -0.02426042
  0.38473104
  0.48587221
  -0.03228953
  -0.26020446
  -0.04618173
  0.13330282
  -0.30416627
  -0.12197511
  0.08856720
  0.24315727
  0.03618598
  -0.57352189
  -0.34459628
  0.04664621
  -0.19510091
  0.25927457
  -0.04292401
  0.19229138
  -0.12553559
  0.13225178
  -0.18953316
  -0.28292129
  0.18713642
  -0.08673861
  -0.45416755
  -0.27195686
  0.03977563
  0.05899370
  -0.14967554
  0.28538626
  -0.03219804
  -0.02649752
  -0.19234457
  0.07003670
  -0.14982897
  0.36689895
  -0.29949561
  0.21327955
  -0.22826239
  -0.11640914
  0.03902459
  0.17188804
  -0.04869297
  0.16846739
  0.17266794
  -0.01157772
  0.24024708
  -0.19979738
  0.18567610
  0.16518819
  0.03786363
  -0.03824080
  0.22705595
  -0.11253751
  0.28030487
  0.06790743
  -0.20808336
  -0.27600151
  -0.10947002
  -0.34070314
  0.03536285
  -0.30736315
  0.18692604
  -0.05102616
  -0.04669590
  0.21989232
  -0.61506475
  0.08996808
  0.21736440
  0.01743121
  -0.23465077
  0.11955276
  0.25224171
  0.19578068
  0.25881702
  -0.17460518
  -0.54761731
  -0.09343027
  0.10723727
  -0.01852979
  -0.07631924
  0.23813869
  -0.36400284
  -0.03743908
  -0.06197677
  0.56775193
  0.01578629
  0.32249254
  -0.15737836
  0.30285616
  -0.00947713
  -0.27602911
  0.34019250
  0.36009541
  -0.05433219
  0.17621827
  -0.08590635
  0.43433857
  0.08953416
  -0.18865684
  -0.04390315
  -0.16976518
  0.03625835
  0.08560454
  -0.07809229
  0.03304616
  -0.36931771
  0.06232318
  -0.14228614
  0.10828156
  -0.02853026
  0.21818121
  -0.00554378
  -0.02344838
  0.20111260
  0.10397049
  0.10314563
  -0.12983933
  0.07009845
  0.22229622
  0.06676709
  0.33756507
  0.13018418
  0.22724122
  0.42585882
  -0.21576856
  -0.02857609
  -0.51421600
  0.69308440
  0.39124389
  -0.21390456
  0.00942842
  0.35976760
  0.13878430
  -0.09877264
  0.13347824
  -0.01331505
  -0.08316184
  -0.05005416
  0.15013937
  0.03655172
  -0.23845848
  -0.02562313
  0.11203736
  -0.37699025
  -0.04568747
  -0.22494833
  0.13865548
  -0.04398304
  -0.20089862
  0.06204304
  -0.05854372
  -0.19588117
  0.26554152
  -0.00897402
  -0.07877066
  -0.05345361
  0.02769848
  0.29493076
  -0.11654014
  0.18493915
  -0.07360657
  0.18902335
  -0.33367641
  -0.10134922
  0.12403338
  0.25612744
  0.06884163
  0.28350859
  -0.14293611
  0.03594883
  -0.20577502
  0.02257607
  0.04941573
  -0.48338960
  0.14256931
  0.09787285
  0.20474916
  0.18498086
  0.03172347
  0.10899892
  0.09375822
  0.08712269
  -0.43140470
  0.29078922
  -0.72054634
  -0.18914102
  0.15052136
  -0.25882857
  -0.00043604
  0.08061210
  0.00318110
  0.39485567
  0.22683322
  -0.08994257
  -0.18298121
  -0.25762779
  -0.32323786
  0.27091889
  -0.07714026
  0.31009475
  0.14245872
  0.11323648
  0.32756929
  -0.39401246
  0.07910339
  -0.28568323
  -0.28734996
  -0.07314814
  -0.28146199
  0.12698707
  -0.19252547
  -0.06612842
  0.06226381
  -0.09751947
  0.04199131
  0.22822385
  0.26523853
  0.14524226
  -0.32384921
  0.05452000
  -0.48374875
  -0.43525628
  -0.45837713
  -0.11629081
  0.16230831
  0.12056245
  -0.07050967
  0.22266641
  -0.70223721
  0.20947780
  -0.80860355
  -0.09996430
  0.24507286
  0.16601472
  -0.05131367
  0.28316305
  0.21888540
  0.04848842
  -0.14168835
  -0.17933420
  -0.14899209
  -0.08093389
  0.00501230
