  9.59597888
  8.43356457
  8.76624761
  6.57342033
  8.76306491
  10.05660983
  8.55316867
  6.61961967
  5.93368815
  11.04793277
  9.37882458
  6.80313935
  8.19712175
  8.11374106
  11.63595787
  11.33915446
  7.92445551
  4.34871279
  8.95777869
  7.64759984
  11.26623364
  10.09801211
  9.74983182
  10.11202520
  9.79730938
  10.47581026
  7.14757803
  4.73149217
  11.32392819
  10.89566692
  11.69092274
  2.80783457
  6.20635327
  11.28017308
  12.25381356
  8.82997507
  8.50094463
  10.01872391
  10.20519451
  5.01162848
  3.56793631
  12.06147983
  5.47151593
  10.49939451
  10.55686268
  8.21176073
  -0.82135698
  10.96686046
  9.18601845
  13.61224527
  4.43476824
  10.67684993
  10.48038972
  12.56666875
  11.00374061
  8.39596054
  6.58098711
  12.12081067
  9.63859089
  6.00899828
  11.54317176
  -0.44638824
  9.80406121
  11.41591683
  6.72777987
  10.12192409
  8.80929570
  8.95248459
  6.99182054
  10.64762603
  9.67386409
  9.13946162
  11.22180185
  10.00055388
  7.18038961
  10.83681038
  12.43514718
  9.51316283
  11.89018824
  11.25791266
  7.11625441
  9.60889554
  11.68492170
  3.51603423
  8.84181622
  10.42542476
  10.27995800
  10.50411465
  11.03613257
  9.31422516
  4.11148830
  8.43248400
  10.01854651
  8.54410106
  7.41662515
  11.16051080
  7.19608590
  4.88499056
  11.15510109
  11.10321036
  9.83389693
  7.19078072
  5.10014097
  6.06881881
  9.17164816
  11.39317659
  10.19093452
  6.77853827
  11.43685997
  9.56175290
  11.47039653
  9.09411000
  8.45650965
  9.87957270
  9.08581758
  9.66449158
  10.67216590
  7.13435727
  11.38992717
  9.97220995
  11.57916615
  11.03811471
  11.11650031
  9.21403984
  6.81044629
  10.31804575
  7.72244561
  9.37248667
  8.45755560
  10.17240699
  9.12631538
  9.06854930
  9.74166983
  12.09755794
  10.85275585
  12.20823821
  12.11213534
  8.36620995
  13.00339236
  12.93184761
  11.20503775
  7.16072151
  4.70358992
  0.81776411
  8.76187888
  11.01966870
  7.05552905
  11.50920395
  6.29416798
  10.17079854
  12.33784357
  11.32926763
  7.63529996
  10.62335531
  8.33209683
  8.69940321
  9.78900608
  9.85565903
  11.82263676
  10.27311271
  12.38316088
  11.89335696
  9.46176857
  11.41648694
  3.34778414
  5.51970082
  10.22433330
  11.81302385
  11.25694641
  10.88290899
  3.60197097
  12.93284085
  11.95562769
  10.63230161
  9.57049235
  11.32700538
  8.20487621
  7.10291119
  11.82975902
  6.34253496
  13.59526008
  7.30657253
  8.54381375
  11.97188113
  8.95290265
  9.87996576
  10.41258574
  9.95523893
  7.86714971
  11.22259242
  8.32922736
  10.61529735
  7.99643891
  4.42945141
  4.69586470
  9.30926459
  10.45819554
  10.87104984
  10.38621927
  7.18237166
  7.80156719
  0.49963690
  10.28105656
  1.59558434
  7.71630615
  3.09180336
  9.19195367
  9.93509062
  9.96487118
  12.87436884
  12.67673710
  7.94184192
  6.47980699
  8.23385179
  9.45578797
  5.87046848
  11.73312440
  12.13777988
  9.70532712
  9.42472983
  11.25422790
  8.59663945
  3.23811190
  9.87481005
  11.15295834
  5.96787353
  5.17464449
  7.04808278
  8.20698301
  11.20996037
  12.22355784
  8.25608499
  7.26427051
  10.64653274
  9.96661053
  8.13217241
  5.07154573
  11.53416101
  2.74334610
  9.43088047
  11.27954847
  3.48368002
  1.91000849
  8.57764283
  1.94162932
  11.26879575
  4.88513694
  11.02498742
  6.09415397
  8.99694458
  9.14813856
  8.69919867
  8.13384642
  10.86177479
  11.82548345
  9.64772056
  9.39784734
  11.86638113
  10.19564395
  7.13821888
  9.41967511
  9.05476522
  10.33444133
  11.04843270
  10.12286898
  12.51074601
  8.11109794
  10.31184299
  7.80838667
  9.04307717
  7.57393483
  8.28822019
  11.49373464
  5.60176762
  9.71284117
  5.02404855
  9.12403549
  9.21117828
  9.85692585
  7.67273293
  6.26610448
  8.28204962
  8.17230751
  10.86748143
  13.09406832
  6.08997131
  9.29345592
  11.34565860
  8.63916498
  9.00845405
  10.58427409
  10.51498164
  10.20965160
  8.47097135
  8.45286870
  10.90017662
  11.14571972
  8.20900724
  9.05848486
  11.82741967
  12.28407335
  11.76823670
  11.51276525
  9.15281546
  8.94006602
  12.44900568
  9.71624561
  8.49966216
  8.33277683
  10.20902248
  11.70061849
  9.85482687
  6.29374886
  7.67756672
  10.97937096
  9.72718122
  6.36735740
  10.07854282
  6.26650897
  9.99881183
  11.18577928
  9.32867478
  10.69872102
  5.94197184
  7.00142335
  6.05921182
  5.24373384
  12.01520203
  6.46109956
  12.70487258
  9.34078255
  10.74260444
  8.93859366
  11.36715308
  10.55791851
  9.84168401
  10.53390922
  10.01543936
  7.74471229
  9.96668614
  12.41636042
  9.98833687
  7.29572787
  4.08763728
  10.95880829
  10.05798041
  9.42708759
  9.68543511
  5.08135174
  9.85495850
  6.97811836
  7.29041346
  11.78997949
  10.94705863
  7.38485124
  10.62108639
  9.80767607
  12.35464759
  12.30160370
  11.21127095
  10.47446114
  10.07008017
  9.10801974
  6.75805324
  6.92664509
  8.25170325
  9.96520420
  10.65427087
  11.04588198
  6.57641819
  10.51504895
  10.45664184
  9.83825934
  6.36998529
  10.94486004
  9.96841337
  1.02355237
  10.08678847
  7.67684230
  10.41610418
  9.94982371
  11.51276807
  10.90244271
  6.07565535
  5.88022879
  6.35138109
  10.83711841
  6.92300917
  10.51535514
  7.81860978
  9.83787374
  10.67681581
  6.52709575
  8.37929916
  6.72723129
  9.84265073
  11.10892506
  8.71317625
  10.41155248
  3.30110904
  6.90560449
  13.23524456
  11.62672140
  6.79787393
  12.42051106
  10.17925603
  8.54665931
  13.44125197
  5.08647968
  8.31392832
  9.83263671
  8.82213999
  4.38664330
  12.01839943
  0.19265089
  10.72576999
  11.36518619
  10.12094060
  7.85150586
  9.14832187
  8.06266570
  -3.82975305
  8.21528237
  8.38796061
  10.58602450
  9.67440845
  10.76182867
  8.54392705
  11.06988300
  8.61363144
  11.60911275
  9.77532799
  7.89033692
  8.44323084
  7.56428921
  10.65789355
  5.23139018
  5.57290290
  6.80317214
  10.76434494
  10.84700796
  8.14484492
  8.50260949
  7.60002272
  9.10652898
  13.21990378
  9.25088821
  12.50080180
  3.04311111
  7.92099591
  11.35705848
  9.59611343
  7.83940950
  8.99739188
  9.37319484
  5.23663213
  8.86512017
  12.16056763
  6.12900984
  9.28275684
  10.25529130
  13.22901061
  8.97104197
  11.55061175
  2.86911065
  9.49928526
  10.07689500
  12.03922744
  8.99973032
  11.48712988
  6.16084897
  5.23263130
  3.67203353
  12.66947092
  0.99713910
  12.27091373
  6.06991618
  9.33921740
  11.48942011
  9.41093592
  10.91398131
  11.45924676
  11.55672302
  9.38402922
  7.96312157
  11.45452521
  4.24625243
  5.00737053
  9.84779261
  -0.08578634
  9.94920019
  7.40661008
  8.08863001
  2.88140488
  10.65644965
  9.88008759
  9.32713677
  9.59432228
  12.37397279
  8.68211043
  10.58604225
  13.09699493
  8.43083274
  10.06808493
  11.32937845
  9.89066923
  8.63339867
  8.92706920
  7.21146366
  12.05853487
  10.73704375
  9.97863005
  10.85088610
  5.27416399
  9.02717566
  4.46154155
  11.04371822
  7.30047918
  9.64144113
  10.26004852
  12.64575919
  5.31928718
  11.92175614
  10.82262607
  3.83435724
  7.93072004
  7.09956693
  8.72557834
  10.70052671
  9.99787421
  9.80475641
  11.83903242
  10.99532482
  9.40754772
  8.61619470
  6.94260371
  10.05548333
  8.70031580
  7.96028734
  8.80564680
  8.75060913
  13.23851905
  10.62594883
  9.28035545
  11.68886964
  7.25170054
  9.29928471
  9.17487400
  9.76752707
  6.84099891
  10.90359982
  8.35834728
  9.75222996
  11.07781636
  10.04175744
  10.08835194
  6.85929956
  10.15268794
  9.12282697
  2.36068798
  9.76742637
  7.50846675
  7.32959568
  10.58810829
  9.11740629
  8.93587107
  9.11255081
  11.85956678
  9.01728220
  10.27359974
  7.99386343
  10.36713590
  8.23576768
  11.14932231
  13.19867226
  2.50146001
  11.92642986
  10.57824257
  10.64155223
  10.73590385
  12.17343720
  6.81821906
  8.99699333
  11.60016681
  7.78312012
  6.02813565
  9.61676461
  4.71094618
  8.30964771
  8.04345749
  11.76607773
  11.86233675
  11.52711357
  8.82424137
  5.64518146
  12.32153469
  11.83288805
  8.44392543
  11.73192689
  9.78629723
  10.72168358
  4.98051262
  8.69070608
  8.12555370
  11.68640877
  9.17421728
  8.76203497
  10.83777761
  5.32050639
  7.93016272
  8.52728136
  8.59117768
  8.70180974
  6.95925753
  3.63832387
  7.20375664
  9.83081892
  11.31838332
  11.69925817
  7.34581782
  11.60650458
  9.65013790
  10.07277498
  7.81262941
  8.76337889
  11.86020226
  7.70536621
  8.66630460
  9.19191894
  10.39220468
  7.53249706
  7.51743225
  11.88961238
  10.02805715
  8.15804355
  9.70242409
  8.80618799
  5.48078602
  11.36651192
  9.49971053
  10.13045366
  12.12255981
  10.61431199
  7.10176207
  11.22843033
  -0.61195361
  7.18023716
  9.28325581
  6.86710119
  6.32636654
  8.43259677
  6.31295862
  12.03424961
  9.60296249
  6.86808414
  11.94383732
  9.97645404
  8.76672275
  4.11655022
  11.82529790
  10.01350276
  12.58664410
  6.35335639
  10.52256210
  5.19971355
  9.74772793
  8.11759107
  10.88840587
  5.39527166
  7.40913884
  -3.73251598
  8.36167562
  6.92997943
  8.78759927
  11.30708686
  8.18731318
  10.38512254
  2.63406462
  10.22149332
  7.32447300
  8.75815146
  8.31628180
  11.80816567
  7.33964000
  8.66477948
  12.54220860
  9.65856964
  12.18237498
  9.55472549
  8.73848867
  10.96847102
  5.96406093
  6.99796180
  11.64438503
  7.61915280
  6.92841815
  9.74438452
  7.37897041
  9.39055457
  10.99992538
  7.48234001
  8.73080771
  6.00488272
  10.60870483
  9.07969824
  5.06460929
  8.96283500
  6.93763423
  8.16536381
  10.12510434
  10.92413505
  8.24881449
  7.36423225
  5.21606748
  12.55218385
  3.51326488
  8.30939771
  8.80307386
  6.86841596
  4.92113683
  7.94123326
  10.03412646
  1.18335967
  5.55870842
  9.98514434
  11.08018817
  11.33493856
  10.90727022
  12.48611727
  7.53752656
  5.23008367
  6.94406512
  6.77617958
  10.43362209
  9.87137622
  6.35393791
  10.13363692
  6.40690346
  9.26397842
  7.82212116
  7.96204855
  11.00789770
  9.75819198
  4.92168826
  10.87410161
  12.24182834
  8.50274962
  6.11584401
  10.65986064
  11.07383527
  12.87621373
  9.04987911
  10.66736291
  6.86032812
  12.40580916
  8.08610609
  11.97867842
  8.20165076
  11.71214908
  9.54059101
  11.27689978
  11.24990946
  2.18398860
  7.33609561
  7.17544265
  6.32757161
  6.59910230
  8.61441798
  6.56385701
  8.70477237
  9.43592986
  10.93036791
  6.88558385
  10.31951123
  9.43512375
  8.67187991
  7.98218250
  11.86658990
  7.88269226
  9.29761750
  9.75952866
  7.56125146
  7.12971809
  7.65976301
  12.50255318
  9.65139076
  13.02118324
  9.92420577
  12.00086311
  7.76837265
  5.45092871
  9.60110545
  9.48601592
  9.62584042
  9.05322833
  8.98011000
  3.03547127
  8.72743411
  10.26999350
  9.36231611
  9.83584787
  2.36187209
  9.05682305
  4.10920141
  8.53507899
  8.07495205
  8.27034340
  7.20210810
  12.37748022
  3.39172034
  8.91477716
  9.64910315
  11.64412826
  10.93655288
  11.63499823
  10.01627396
  10.14338563
  12.14790661
  8.98160488
  6.71511061
  11.46564059
  11.92617438
  11.03780464
  8.08966387
  10.05311449
  11.05048521
  8.11155618
  5.87763203
  9.35908250
  4.56554695
  9.60438589
  9.11931037
  7.75592804
  10.30199927
  10.97863319
  9.75507112
  7.84636302
  10.97623892
  7.38734380
  9.21801365
  10.95983370
  8.93464766
  8.05589231
  10.75487931
  3.40588018
  6.60465423
  7.91493628
  11.69360709
  8.25032465
  12.44002993
  8.37559057
  10.23704582
  7.04380512
  12.54716383
  8.39873458
  11.31493852
  11.13047538
  9.73896006
  11.57660839
  5.88555128
  5.72743460
  4.90200984
  10.76358925
  12.26781943
  11.42201134
  10.27087012
  7.82437855
  10.49371414
  6.55393127
  12.41061961
  6.58161496
  7.34923597
  8.50684364
  12.23559932
  10.26947080
  10.11060929
  10.48546641
  9.03468750
  9.97217034
  8.54301088
  7.86040192
  8.73361932
  10.46521865
  6.13627690
  12.14271066
  6.25772091
  10.95877447
  8.61296382
  10.40509473
  9.91266229
  11.57362493
  9.46686362
  10.23544794
  8.43701058
  11.74565684
  8.19670342
  10.84428245
  4.86961321
  10.85829663
  8.01188321
  11.65486692
  8.36283086
  12.04292862
  7.90211385
  9.92572671
  8.79556660
  5.56307148
  7.10600728
  12.76644447
  8.45255800
  7.19205541
  10.26788375
  11.74046687
  7.16436882
  9.30261250
  6.66429476
  11.55699223
  8.72667993
  11.46642674
  5.56062862
  9.80793925
  6.37739137
  11.17637660
  10.99131861
  4.17221735
  6.86848063
  3.31220502
  12.39766534
  10.85908860
  11.43737723
  9.49327763
  8.44838328
  9.87108227
  11.94141236
  10.55657234
  7.12880063
  8.79354629
  9.10680876
  12.15976324
  9.74892929
  6.60840009
  8.61964214
  9.72331924
  11.82941505
  6.65677640
  9.48572547
  9.38628293
  4.56401714
  10.68251215
  9.57830591
  8.31710353
  10.50940444
  9.31100501
  10.01936651
  12.57601117
  10.55366804
  9.57735883
  8.72397399
  9.32206360
  10.77435952
  10.94221105
  11.39896116
  9.75919344
  9.40132446
  9.14715274
  10.16871940
  10.11133766
  9.26809108
  7.85356761
  10.93478492
  10.18259388
  6.32261732
  7.67846966
  7.75354288
  12.42967803
  5.04647071
  10.73704812
  11.04246905
  10.49582011
  10.91170121
  11.39535556
  8.55390267
  8.88290205
  2.73537370
  9.32771178
  9.45630853
  9.66365145
  11.36629906
  11.21169427
  7.18862204
  6.06670211
  10.33119667
  2.85951941
  10.88773684
  6.66301711
  10.60456041
  8.48030803
  10.87138024
  9.67588523
  8.93180280
  9.18112848
  5.32442117
  8.65309948
  5.63723573
  9.75439797
  8.14102329
  9.80585191
  11.00252566
  10.45189790
  11.08596506
  6.83334133
  7.85650516
  8.47041947
  8.86471544
  9.85458248
  9.71489750
  10.28860538
  8.98410751
  6.72782239
  2.74869595
  12.17756822
  10.70445550
  9.32579369
  4.06314687
  9.94778354
  9.16796850
  6.08252394
  11.45181785
  7.94152140
  11.26360594
  12.72703157
  10.67160481
  9.49133142
  6.70849131
  10.75532465
  4.08744097
  4.88155699
  9.19852833
  8.12279114
  7.98678062
  11.10272632
  11.53392013
  8.70779006
  7.76844389
  5.32286483
  6.16102072
  8.02991532
  8.54614340
  11.13541315
  9.02173671
  5.06215359
  6.90890960
  9.61105146
  8.29416598
  8.33646005
  9.19073269
  11.42955795
  8.99223605
  8.90808652
  8.47650050
  7.09777914
  10.52655370
  6.49810554
  7.37344514
  3.87049583
  7.73370562
  12.24461365
  10.71247520
  12.48137547
  9.15822069
  12.31809623
  6.76270871
  3.68556660
  11.05026056
  8.30662162
  12.06942053
  10.01049606
  5.95799460
  9.05951844
  4.74782492
  6.90093394
  11.87792545
  3.21853964
  10.48392029
  6.05054025
  11.15911878
  8.81815456
  5.68409174
  6.54160977
  11.43332259
  10.22704103
  11.08611261
  7.31210391
  8.75674220
  8.81865588
  9.81234495
  9.67917131
  8.16486811
  11.77827084
  3.67054709
  8.60445354
  11.39815669
  9.02362236
  9.15122144
  5.80294305
  7.44400938
  9.53031616
  2.80845998
  8.84342385
  11.43625996
  10.87841921
  3.86424516
  9.72202845
  2.67068746
  7.59376554
  11.90405498
  11.83280689
  10.07776005
  10.58287793
  8.69281971
  11.48136894
  9.79084384
  9.57547896
  11.56963939
  8.44229151
  12.05715734
  10.65579862
  9.34134612
  -1.34894052
  7.43610785
  9.28918651
  8.26222549
  10.06632386
  10.05446768
  12.26830413
  3.05888060
  10.12869396
  10.25267542
  5.76701955
  13.10217549
  7.40158373
  7.83339464
  13.53089904
  9.45072282
  12.28298145
  8.80433141
  11.86420617
  11.42272922
  8.15596609
  11.62427867
  0.94155165
  5.37423580
  11.62186863
  9.73870177
  8.41457579
  7.81514073
  10.87122045
  12.57981548
  9.99353369
  9.44555204
  3.88548540
  11.11515919
  5.82762984
  5.12889535
  7.63468555
  9.64614003
  10.04683169
  10.58921375
  7.49852958
  4.96598458
  4.63605636
  11.35636292
  5.07503577
  13.07440902
  8.85277826
  11.27245569
  12.49948320
  9.37116183
  12.76005775
  11.95825319
  12.17853392
  9.33404662
  11.99373412
  7.49221868
  9.49634592
  8.13980351
  7.25709635
  7.99880302
  10.07444933
  -2.19284400
  8.45554047
  7.86425059
  1.18731353
  10.51360146
  8.94562796
  13.70868809
  11.61847824
  10.50922069
  10.47325188
  6.42249104
  10.05447045
  10.82310362
  8.83381850
  10.47854739
  11.40265585
  12.53172807
  10.79795182
  8.04880736
  9.49219245
  5.78367905
  11.39492317
  12.61713862
  11.51480598
  8.53039137
  9.17185316
  11.60255070
  5.35640832
  8.08679980
  11.86910088
  10.83144305
  4.01640396
  10.01074061
  7.79179058
  11.11240951
  9.82980836
  5.74027602
  10.56535780
  7.13089324
  12.13266403
  10.71910426
  7.57381887
  7.43305831
  8.28372772
  6.01308247
  7.47179559
  4.08023866
  5.77118977
  9.43776656
  6.03292835
  8.95241241
  2.85930311
  11.52762464
  7.81521935
  8.59324645
  12.26193830
  2.31539976
  1.19803745
  9.88885363
  8.85103854
  10.05075556
  9.91105463
  8.35572217
  10.92356121
  7.05429718
  9.15783443
  11.68912183
  9.91163931
  6.39916844
  9.96151496
  4.89448830
  5.43913469
  11.15912250
  6.89182405
  12.58796044
  10.49064510
  9.17417495
  6.91258625
  7.38402025
  10.71824841
  8.59054047
  9.95937409
  -3.35562004
  11.10586311
  12.97544166
  8.28699809
  10.68751553
  13.37157924
  7.36292145
  11.50554402
  11.62719541
  8.76633010
  11.58026042
  9.52517176
  11.02235204
  2.09943750
  12.99154643
  10.57019040
  8.38461654
  13.87648496
  10.46921351
  8.07008967
  6.99234172
  12.59616186
  7.92379802
  9.65897033
  8.58925551
  11.68969027
  5.73466355
  10.80728422
  9.91059009
  10.90571985
  6.50203734
  7.95423913
  10.80345391
  9.98494659
  3.29354877
  9.10710663
  8.79242223
  9.15442995
  11.58727441
  9.56327136
  6.26880970
  8.75144025
  8.12204597
  11.48648483
  9.67423183
  12.78105927
  10.24963404
  9.83761761
  7.74158498
  10.85824554
  8.17275870
  6.73956065
  8.16776314
  9.34133613
  9.54337762
  8.72483010
  10.77514073
  10.45467279
  10.66513006
  6.31514257
  10.80651541
  5.93355411
  10.89132811
  5.72872411
  9.56403442
  9.58901734
  9.85417997
  11.61778058
  9.13212222
  6.98441665
  11.25295408
  11.90597906
  10.41591893
  3.52180342
  8.12747127
  5.90189898
  8.07596095
  7.93559700
  9.26969783
  8.99182427
  5.27581664
  10.50288717
  10.81102011
  8.14327252
  9.36580553
  8.05382277
  9.76573784
  10.88009139
  4.37550153
  9.35759045
  9.40277209
  9.20084875
  9.57246842
  9.86903029
  11.09302468
  12.49781562
  7.08353923
  11.03686371
  5.45279905
  10.83103314
  11.90401504
  8.89203259
  11.28989992
  10.94636857
  3.46484281
  7.86722220
  9.69606901
  11.41966942
  9.51092051
  12.31086138
  12.61671078
  9.54295124
  8.67663773
  7.71182372
  9.60743469
  4.02809827
  9.97618516
  2.89526467
  11.56392359
  10.01484440
  6.01341845
  10.23681570
  8.21581623
  10.28920031
  9.42789804
  12.58011741
  6.12831054
  7.58420138
  10.54983914
  7.16422913
  11.16657713
  8.66531936
  11.81933059
  12.47738266
  6.75205626
  9.51136290
  8.42895060
  8.89649237
  5.58254185
  11.78405337
  8.47576540
  9.72649162
  7.10552636
  9.57537417
  11.51008792
  11.92532393
  7.05224360
  7.91024451
  8.43560980
  11.20671915
  9.32978544
  9.10644143
  7.19704514
  11.39218261
  8.71539091
  7.49533868
  10.72873885
  8.93003379
  12.03739388
  5.42588970
  10.07685313
  12.97956353
  11.12357816
  7.66099301
  10.89592578
  8.65800620
  12.67328853
  12.19594905
  8.78234813
  10.88091491
  6.32248069
  8.68670239
  8.30125407
  9.51881084
  9.34015145
  10.59346364
  12.47092431
  7.76673909
  10.13602164
  2.87886001
  9.25196740
  8.28706315
  2.66667014
  10.69447617
  10.41812852
  9.10015757
  6.50469621
  0.95855226
  5.08749655
  8.20455879
  7.98243657
  8.41548815
  9.78578476
  10.11804609
  7.60902299
  9.81282177
  11.86219017
  7.35574920
  11.92678999
  8.25899641
  10.45375135
  8.72885901
  11.14193411
  10.15366707
  10.72947391
  10.22280021
  7.93503655
  5.76678679
  10.74992572
  7.44824554
  5.68027686
  12.44336038
  9.97780243
  12.59799327
  10.21577126
  6.17369594
  8.51496167
  11.37227289
  10.34909860
  5.77850913
  8.52758291
  10.33328131
  6.42520315
  9.03357989
  8.91375446
  11.45834226
  8.25788117
  9.59464243
  3.61378798
