  5.82888940
  10.02999979
  8.74586007
  18.02071998
  8.75786700
  4.42338727
  9.56176293
  17.81014682
  20.97902683
  2.04269359
  6.54807102
  16.97833981
  10.97573364
  11.31522826
  1.09519159
  1.52905940
  12.09670516
  28.55132481
  8.03389304
  13.26463328
  1.64946873
  4.30565130
  5.34058829
  4.26613894
  5.19362213
  3.30211359
  15.43916482
  26.69925535
  1.55374892
  2.34590251
  1.02462514
  36.09766847
  19.70907735
  1.62602772
  0.46756184
  8.50663573
  9.76533923
  4.53241574
  4.00781880
  25.35183569
  32.36021759
  0.62534631
  23.15746582
  3.24384767
  3.10409574
  10.91644128
  54.12911961
  2.20119248
  7.21421536
  0.02275254
  28.13394573
  2.82260895
  3.29075844
  0.27461982
  2.12825765
  10.17866461
  17.98619992
  0.57325169
  5.69183301
  20.62703702
  1.22119441
  52.25887950
  5.17286747
  1.40822078
  17.31898515
  4.23833055
  8.58401309
  8.05328542
  16.13142754
  2.88987323
  5.57942364
  7.37875625
  1.72552399
  4.58513987
  15.29417302
  2.46941154
  0.34676578
  6.09913149
  0.79370149
  1.66355708
  15.57785906
  5.78719995
  1.03218317
  32.61462389
  8.46243823
  3.42835880
  3.80613093
  3.23224997
  2.06534524
  6.76846379
  29.70460999
  10.03426223
  4.53292916
  9.59701091
  14.25946130
  1.83377857
  15.22491886
  25.96003425
  1.84351933
  1.93848487
  5.08159217
  15.24831827
  24.92769051
  20.34809778
  7.26485353
  1.44338701
  4.04685763
  17.08939843
  1.37630291
  5.93995921
  1.32612787
  7.54036996
  9.93962414
  4.94325216
  7.57006100
  5.60919936
  2.83333368
  15.49767065
  1.44845537
  4.66794340
  1.17128299
  2.06153037
  1.91389892
  7.11586009
  16.94538090
  3.70533190
  12.94613730
  6.56956646
  9.93551049
  4.09784983
  7.42546949
  7.63202834
  5.36603298
  0.59329668
  2.43560529
  0.50208713
  0.58067458
  10.29676018
  0.11292047
  0.13234437
  1.75474860
  15.38104889
  26.83385391
  45.96184416
  8.76234283
  2.09718758
  15.84749558
  1.26950094
  19.30281726
  4.10229105
  0.40836802
  1.54506378
  13.31716092
  2.94637269
  10.43268611
  8.99920340
  5.21919579
  5.01546902
  0.86766889
  3.82438721
  0.37877370
  0.79033874
  6.26936224
  1.40734598
  33.44020477
  22.92898842
  3.95570923
  0.87855123
  1.66519767
  2.37237780
  32.19346345
  0.13205803
  0.72617551
  2.92547975
  5.91151515
  1.54873997
  10.94431396
  15.63702132
  0.85966365
  19.07966353
  0.02395581
  14.73943425
  9.59812843
  0.71002476
  8.05175344
  4.94206907
  3.46091039
  4.71784568
  12.33611008
  1.72415296
  10.44414449
  2.96525786
  11.79780421
  28.15971699
  26.87113175
  6.78550597
  3.34597607
  2.39713550
  3.52824280
  15.28542412
  12.61162647
  47.54503494
  3.80320506
  42.09679756
  12.97218841
  34.69864570
  7.19333990
  4.77740320
  4.68949300
  0.14975339
  0.22333397
  12.02432268
  18.44877869
  10.82714525
  6.28929504
  21.27519416
  0.97248165
  0.55892276
  5.47996287
  6.39321916
  1.66981858
  9.39336568
  33.97903503
  4.95759767
  1.84738594
  20.81913683
  24.57131015
  15.88062676
  10.93578215
  1.74613701
  0.49028828
  10.73749440
  14.92489321
  2.89240591
  4.68438146
  11.23992535
  25.06462868
  1.23389460
  36.41577848
  6.37258400
  1.62707381
  32.77327910
  40.53737870
  9.46683542
  40.38066564
  1.64514519
  25.95933033
  2.08687044
  20.23014063
  7.89094980
  7.34798450
  8.99998233
  11.23309324
  2.41659750
  0.86446341
  5.66264731
  6.48372231
  0.81927163
  4.03394482
  15.48057691
  6.41019759
  7.68162585
  3.66235033
  2.04173708
  4.23568059
  0.30379237
  11.32603879
  3.72165701
  12.58290241
  7.72377373
  13.57999801
  10.60830965
  1.29188932
  22.54054349
  5.45632281
  25.29227145
  7.43358194
  7.12588066
  5.01163165
  13.15746344
  19.43249545
  10.63307924
  11.07645354
  2.40461288
  0.09159707
  20.24960710
  6.83992849
  1.51858566
  9.22957737
  7.84911994
  3.03855561
  3.20562996
  3.99565411
  9.88279488
  9.95394789
  2.33658337
  1.86048299
  10.92758656
  7.66823033
  0.86228763
  0.44558765
  0.93043511
  1.26438127
  7.33141845
  8.09884034
  0.33857556
  5.44562653
  9.77035570
  10.42997132
  3.99737009
  1.01248932
  5.01799044
  19.30475291
  13.13687697
  2.17629594
  5.41132938
  18.96531066
  4.36083162
  19.43062531
  4.59020950
  1.78867928
  6.71891733
  2.77281802
  20.94026593
  16.08856276
  20.39285470
  24.24136633
  0.66816860
  18.53453622
  0.21146515
  6.67751082
  2.67434029
  8.10424744
  1.48428237
  3.10155784
  5.05788744
  3.15953436
  4.54192577
  12.85176826
  4.68415933
  0.35809712
  4.62074735
  14.78692877
  29.82077209
  2.21730110
  4.41946606
  6.38530579
  5.54275658
  25.01765961
  5.01759156
  16.19263200
  14.81021608
  0.90500332
  2.24092510
  14.39765699
  2.95168387
  5.16177063
  0.39720738
  0.43319838
  1.74384852
  3.30546263
  4.38491899
  7.49066315
  17.18198338
  16.42297750
  10.75514534
  4.68851412
  2.87450529
  2.04662004
  18.00704213
  3.20546543
  3.34985904
  5.06830648
  18.95321131
  2.24536122
  4.67908603
  44.93838846
  4.33742148
  13.13996164
  3.45197449
  4.73381956
  1.26437723
  2.33190834
  20.31625713
  21.22942962
  19.03889734
  2.46875606
  16.43927359
  3.20471703
  12.53987438
  5.06948020
  2.82268700
  18.23231790
  10.24475057
  17.32146969
  5.05494807
  1.92789060
  8.94680349
  3.46353680
  33.66946042
  16.51732658
  0.06487697
  1.10734615
  17.00209796
  0.35557086
  4.07896413
  9.58706214
  0.03749431
  24.99310169
  10.50530098
  5.08543304
  8.53592428
  28.36728972
  0.66514747
  49.07381899
  2.71189254
  1.48740159
  4.24108958
  12.40168377
  7.34733496
  11.52465013
  69.15372937
  10.90219169
  10.21037918
  3.03439509
  5.57769632
  2.63180159
  9.59768773
  2.00093774
  9.32780725
  1.13075516
  5.26144311
  12.23908898
  9.99189521
  13.62142739
  2.86614512
  24.30027602
  22.67706751
  16.97819186
  2.62626091
  2.44776199
  11.18823483
  9.75882827
  13.46810309
  7.49598457
  0.06743334
  6.98730789
  0.30920933
  34.93832460
  12.11112219
  1.50033325
  5.82845449
  12.45245114
  7.88932262
  6.56716326
  24.27525689
  8.37568958
  0.54007453
  20.06803384
  6.87685674
  3.87211607
  0.06590621
  7.98538297
  1.21077022
  35.79553546
  6.14490911
  4.36551699
  0.64569527
  7.88081797
  1.30152255
  19.92013954
  24.29435201
  31.85037377
  0.22647898
  45.06971879
  0.45505188
  20.34298632
  6.68285768
  1.29817714
  6.43959446
  2.30818452
  1.34268170
  1.20224966
  6.53044006
  11.93589404
  1.34973001
  29.04896932
  25.37225957
  5.03932651
  50.46118957
  4.73566039
  14.30298646
  11.41805320
  35.73493219
  2.86947572
  4.94170238
  6.72418425
  5.83424525
  0.38464500
  9.06513916
  3.03435291
  0.09096628
  10.04077691
  4.39060708
  1.54488383
  4.90990051
  9.25173098
  8.14661437
  15.15713752
  0.62801378
  2.68671329
  4.64912849
  2.43955613
  24.09621283
  7.78125084
  28.00420531
  2.05076745
  14.76611594
  5.68271455
  3.85934726
  0.23697371
  23.88116745
  0.76062451
  2.49969883
  31.05648752
  12.07061123
  15.65185691
  8.89970753
  2.76872831
  4.59293916
  5.17073255
  0.84931388
  2.14477857
  6.45100615
  9.31793073
  16.35149038
  4.42661140
  8.99572824
  11.94766145
  8.59769150
  8.80491106
  0.06434156
  2.94030783
  6.88515579
  1.02720690
  14.98010293
  6.81984274
  7.25347464
  5.28560416
  16.80770664
  2.32952319
  10.32804112
  5.33312212
  1.98596779
  4.46598324
  4.33298931
  16.72534847
  4.15245556
  7.43788351
  38.30603634
  5.28591638
  13.86179839
  14.63871968
  3.02944606
  7.45718913
  8.11424931
  7.47449763
  0.82669010
  7.81708969
  3.82308691
  11.80846287
  3.57738053
  10.81941108
  1.85395796
  0.07110432
  37.61014379
  0.75580720
  3.05291450
  2.90395834
  2.68925347
  0.52962786
  16.91033467
  7.89077245
  1.14276737
  12.68941281
  20.53773674
  5.76186347
  26.79836125
  10.52243167
  11.60368988
  0.93298558
  0.82366921
  1.24388506
  8.52806562
  22.33541514
  0.41941284
  0.85616217
  9.98915886
  0.97393703
  5.22755076
  2.72105039
  25.50112912
  9.03234464
  11.26695005
  1.03030695
  7.25579061
  8.76175372
  2.46735361
  23.87536029
  12.07293203
  9.66250343
  9.41447007
  8.99004028
  16.27695739
  32.01541539
  15.19109979
  5.09097549
  1.56279929
  1.01418636
  14.56785154
  1.13424897
  5.65493019
  4.37724200
  12.56504042
  8.75668225
  0.82599640
  13.01864227
  9.12554561
  7.19346201
  3.51290080
  13.75819837
  13.82312403
  0.79431363
  4.50544254
  11.13447162
  5.48910784
  8.59566231
  23.11348718
  1.48529873
  6.14350422
  4.21443763
  0.57176306
  2.96757156
  15.64211864
  1.71404861
  53.08456704
  15.29484600
  6.87513280
  16.69026350
  19.15421179
  10.03381736
  19.21606957
  0.65030850
  5.80633374
  16.68584410
  0.73804518
  4.65550167
  8.74406807
  29.67996155
  0.86467211
  4.54753729
  0.26471989
  19.02979651
  3.18712754
  24.45152922
  5.34714208
  11.29948678
  2.36095048
  23.51958401
  14.29199363
  68.66779128
  10.31479606
  16.40803594
  8.66545519
  1.58133543
  11.01551402
  3.53105757
  36.95515456
  3.96342095
  14.66111510
  8.77641430
  10.49588611
  0.88408497
  14.59483064
  9.13138133
  0.28711266
  5.62804756
  0.52245631
  5.96287219
  8.85077070
  2.19797843
  20.83695975
  16.10401162
  1.08417660
  13.38619767
  16.41503187
  5.35756422
  14.42326895
  6.50836181
  2.13573831
  13.97464963
  8.87987455
  20.64624915
  2.98075555
  7.59199897
  25.09785900
  8.01538731
  16.37374446
  11.10468574
  4.22941463
  2.28741973
  10.76678682
  14.48750256
  24.37342672
  0.28196824
  32.62820195
  10.52343241
  8.60734101
  16.68435228
  25.78627762
  12.02685464
  4.48794203
  44.14401793
  22.74424472
  4.63007299
  1.98150481
  1.53587161
  2.32196638
  0.31733760
  13.73653900
  24.30651227
  16.34494715
  17.10005389
  3.40765658
  4.96795215
  19.02711738
  4.20553708
  18.78337378
  6.94185726
  12.52510438
  11.94034874
  2.12012362
  5.31458011
  25.78362785
  2.39075090
  0.47647353
  9.75828029
  20.12924081
  2.86161100
  1.99347189
  0.14916849
  7.69923522
  2.84435320
  16.72072205
  0.36457759
  11.42840285
  0.70334301
  10.95737969
  0.99817816
  6.00906837
  1.63151421
  1.67717473
  39.18029153
  14.61031454
  15.31601406
  19.14865385
  17.90360701
  9.32477624
  18.06436566
  8.97876407
  6.35566352
  2.27472511
  16.60720364
  3.70148003
  6.35836358
  9.10422276
  11.85683813
  0.81904505
  12.27105337
  6.82558551
  5.31042687
  13.63448142
  15.51821180
  13.21274094
  0.30825019
  5.65093229
  0.10845644
  4.80971890
  0.68183186
  12.75168888
  23.25517301
  5.81232805
  6.18881109
  5.73269959
  7.68716318
  7.95227763
  34.97593864
  8.89266759
  3.83272020
  6.60411887
  5.07564871
  38.30018051
  7.67421393
  29.71574628
  9.63212326
  11.47417329
  10.68011728
  15.19836650
  0.38239603
  33.22449014
  8.19188952
  5.65823298
  1.08451116
  2.26216705
  1.09645043
  4.53950843
  4.17833454
  0.55049120
  7.94682492
  17.37638186
  1.33317338
  0.75607000
  2.06212687
  11.41381450
  4.43339472
  2.03781271
  11.32416436
  21.24160402
  6.61511942
  27.50073569
  5.80174094
  7.45040566
  12.80430217
  3.74763721
  2.17775972
  5.32428256
  12.42326109
  2.18251388
  14.38680469
  7.10195364
  2.21524606
  8.11874514
  11.55250451
  2.64713646
  33.15498776
  17.87830807
  12.13638541
  1.02125589
  10.76070053
  0.34386388
  10.25947833
  3.92127824
  15.89966624
  0.28454857
  10.16767447
  1.56843786
  1.88824149
  5.37449215
  1.17478643
  21.20447946
  21.94748192
  25.87820637
  2.62792421
  0.45729780
  1.39888621
  3.83037742
  12.51561144
  3.25783286
  18.10968580
  0.36161262
  17.98333618
  14.55292910
  9.74227547
  0.48115219
  3.83411747
  4.27012357
  3.27819369
  7.75407938
  4.66805959
  9.60125150
  12.36438313
  8.86921737
  3.32845255
  20.03426258
  0.55480625
  19.47126303
  2.21736890
  9.33038022
  3.47997418
  4.84409727
  1.17888132
  6.25240110
  3.92559801
  10.01641035
  0.95733530
  10.97742939
  2.45353801
  26.03399132
  2.42391815
  11.73394385
  1.07057506
  10.31020004
  0.64227973
  12.18989045
  4.80519753
  8.63551745
  22.72359314
  15.62328931
  0.18715803
  9.95517050
  15.24269529
  3.83836143
  0.96358901
  15.36493022
  6.80838563
  17.60696034
  1.20187519
  8.89552837
  1.33200718
  22.73515557
  5.16096314
  18.91911934
  1.80538434
  2.15266854
  29.40900718
  16.68406152
  33.61495131
  0.36963713
  2.42225018
  1.37552029
  6.16476973
  9.97160277
  4.96883900
  0.74050253
  3.10479382
  15.52227481
  8.64310553
  7.49498579
  0.54073222
  5.34339929
  17.86124273
  9.30465280
  5.42343098
  0.86004915
  17.64112394
  6.18977348
  6.52281135
  27.50813495
  2.80967332
  5.88613259
  10.49259948
  3.21927790
  6.77952481
  4.53055623
  0.26995609
  3.11178125
  5.88920678
  8.90579522
  6.74156880
  2.60427189
  2.25071265
  1.43439121
  5.31146833
  6.47198754
  7.35147816
  4.10803532
  4.26807359
  6.92760126
  12.39303633
  2.26575277
  4.06977533
  19.17150552
  13.13303239
  12.81439255
  0.35003727
  25.18477860
  2.68670355
  2.05316400
  3.25264433
  2.31286181
  1.43999438
  9.55891155
  8.30970715
  36.45511448
  6.72221492
  6.28755905
  5.61187166
  1.48563624
  1.74310970
  15.25784179
  20.35795773
  3.67083668
  35.84281824
  2.36233966
  17.61276514
  2.99051989
  9.84615976
  2.39644382
  5.57301150
  8.12920291
  7.23143164
  23.85671514
  9.17611481
  22.37293926
  5.32637632
  11.20381584
  5.16736911
  2.13063822
  3.36172912
  1.97065877
  16.84219183
  12.38071831
  9.88496168
  8.37719352
  5.01873104
  5.44986103
  3.78312947
  7.93769935
  17.31879260
  36.38938336
  0.52630470
  2.75984117
  6.72878496
  29.94008600
  4.73984404
  7.27784144
  20.28427511
  1.35378182
  12.02565597
  1.65391001
  0.20245762
  2.83461984
  6.17120931
  17.40638433
  2.64615229
  29.82172831
  25.97654600
  7.17024222
  11.27823531
  11.83778897
  1.93938375
  1.23423524
  8.96728316
  12.75138787
  23.86412741
  19.91934223
  11.65950576
  9.58906818
  1.87922408
  7.80094590
  25.10962465
  16.50249869
  5.78025380
  10.58445881
  10.41527027
  7.19763249
  1.38738033
  7.90808555
  8.21657039
  9.86109450
  15.65978905
  3.17740696
  18.36496410
  14.44734202
  30.87994055
  12.89839368
  0.47439189
  2.74174748
  0.31999541
  7.31229008
  0.42176843
  17.16093379
  31.78413281
  2.03824203
  10.53454698
  0.61819260
  4.55625583
  20.86532309
  7.66450962
  26.62049885
  16.53828486
  0.80680502
  34.07524939
  3.28201772
  20.43326693
  1.83628217
  8.55083567
  22.15178407
  18.16597356
  1.38166242
  3.94836336
  1.97038219
  14.71522283
  8.78173645
  8.54895951
  5.14745367
  5.56259296
  11.10670201
  0.91864122
  31.85765011
  9.36319874
  1.43564023
  7.79411568
  7.33706306
  21.59220273
  14.14061045
  6.04274229
  36.09458412
  8.45644384
  1.37721109
  2.38173415
  30.91047146
  5.42747828
  36.77435422
  13.49492016
  0.77905591
  0.85625288
  4.36305704
  3.04187623
  9.02428671
  1.30996138
  5.21353087
  5.89531076
  1.18436564
  9.99559608
  0.62926418
  2.87097809
  6.67558595
  56.76186011
  14.17487984
  6.85465525
  10.71277324
  4.39563045
  4.42951918
  0.45694547
  34.86069212
  4.21936166
  3.87914605
  21.76112581
  0.08985813
  14.32484261
  12.47771550
  0.02900858
  6.30619674
  0.44636756
  8.60262427
  0.82163459
  1.39778918
  11.14292897
  1.11057492
  45.34613844
  23.61961751
  1.11376635
  5.37529876
  10.10498556
  12.55447091
  2.39677833
  0.26807391
  4.60558535
  6.32346981
  30.80673431
  1.91637169
  21.47622791
  24.79007664
  13.31978616
  5.66769540
  4.45140923
  3.02682227
  13.90469474
  25.57086730
  27.15990776
  1.50144308
  25.04791085
  0.09592476
  8.42159337
  1.63898078
  0.30993290
  6.57406326
  0.18957558
  0.72354999
  0.52552995
  6.70053415
  0.68869504
  13.93195399
  6.15462301
  11.20879024
  14.95639788
  11.78802266
  4.37247526
  60.97547245
  9.94343632
  12.34825521
  44.12436885
  3.20900461
  8.07842620
  0.01683862
  1.11826585
  3.21972805
  3.30846595
  18.71174490
  4.42951124
  2.49867585
  8.49228125
  3.29532426
  1.42866346
  0.29259192
  2.55286609
  11.58166044
  6.16836003
  21.68276445
  1.44066721
  0.25012111
  1.26145337
  9.65038290
  7.26413021
  1.13955851
  23.70443539
  11.42555796
  0.81632315
  2.48084846
  30.16791582
  4.55554642
  12.65283615
  1.92144741
  5.09405785
  21.88700315
  3.08370646
  15.51300798
  0.56321616
  2.72683931
  13.58049587
  14.18811116
  10.62634138
  20.60797405
  14.02025722
  29.85681311
  21.74150652
  6.34951325
  20.51538205
  8.05354994
  35.84388462
  1.24315887
  12.55414004
  9.40647446
  0.46158808
  38.53003068
  44.07107655
  4.91535054
  8.42807102
  4.44015444
  4.84889387
  10.33849137
  2.28859046
  15.85297558
  7.31365638
  1.02688954
  4.84714917
  18.81893582
  4.69936327
  25.91436619
  23.31117134
  1.83627548
  16.57917941
  0.26407694
  3.26540172
  7.25593989
  16.48600715
  14.40127542
  2.72876158
  9.41693326
  4.70566425
  66.78439220
  1.93356287
  0.12022336
  10.61321397
  2.79826914
  0.04541760
  14.49321866
  1.27477586
  1.10672030
  8.74554898
  1.16978615
  6.05963120
  2.09197887
  39.59890454
  0.11597184
  3.07213873
  10.22364529
  0.00962429
  3.31850574
  11.49414222
  16.12910049
  0.26009716
  12.09944472
  5.62677143
  9.42190105
  1.02617445
  21.91343310
  2.53268519
  4.85028026
  2.32515670
  18.34696385
  11.97278368
  2.54095750
  4.63065094
  33.70660340
  7.49392245
  8.64732839
  7.32570301
  1.16022050
  5.93501307
  19.41998861
  8.80176934
  11.28127995
  1.30246576
  5.57825675
  0.18171423
  3.88732734
  5.07025989
  12.86501140
  2.42402578
  11.07461977
  17.26564642
  11.09492801
  6.67562007
  5.99994917
  8.90254654
  2.60256078
  3.35478333
  2.84948373
  19.20599154
  2.53434441
  20.97965415
  2.35488795
  21.94140770
  5.93252815
  5.85141014
  5.01995093
  1.11919317
  7.40482216
  16.16449302
  1.67198644
  0.77703814
  3.45244468
  32.58633877
  11.25911855
  21.12787361
  11.47003113
  12.05030764
  6.92203478
  7.90958479
  24.08833259
  3.23526394
  2.52463096
  11.19464482
  6.59225620
  11.56101890
  5.29115256
  2.37824708
  28.42133758
  6.62019774
  6.46710448
  7.16209700
  5.90509153
  4.97503169
  1.95745096
  0.31084975
  15.72299999
  2.06393761
  23.24629420
  2.48172309
  0.77909784
  8.27589802
  1.60978944
  2.24231691
  32.86567403
  12.33580645
  5.50915012
  1.40246867
  6.10651871
  0.42675562
  0.25032169
  6.00134411
  9.08603952
  12.99121684
  5.79190866
  30.11090379
  4.65628945
  35.66661805
  1.19225892
  4.54364941
  20.60640599
  3.92190022
  10.90003201
  3.78154950
  6.38258658
  0.26792494
  20.07128411
  13.53593587
  3.12100559
  15.36554750
  1.82289134
  9.12931542
  0.87140157
  0.32224600
  17.20910590
  6.10506097
  10.04820411
  8.25940171
  22.63146502
  0.91188919
  9.86397866
  5.41348939
  15.62542215
  5.89565109
  1.26822896
  0.75694525
  15.86211191
  12.15595566
  10.02193368
  1.75180437
  6.71511487
  7.49629715
  15.22068878
  1.44493625
  8.93838737
  13.91847587
  2.70524955
  8.13570826
  0.64739192
  23.37407931
  4.36563606
  0.11912381
  1.90087927
  13.20749618
  2.34536703
  9.15731363
  0.22482249
  0.51169498
  8.68520611
  2.37653079
  19.17213575
  9.04761475
  10.55604694
  6.08054072
  6.67966659
  3.01674632
  0.32591079
  12.75859202
  4.19887512
  35.74747645
  6.98355651
  10.61295285
  36.79418493
  2.78244481
  3.44683845
  7.51874383
  18.33479296
  45.26159508
  24.98823218
  10.94559957
  11.85578532
  10.10137872
  5.22913204
  4.24921458
  13.42955296
  5.14599248
  0.82382888
  14.52450447
  0.75543686
  10.72577113
  3.35708896
  8.88726346
  1.86735389
  4.14973606
  2.70360617
  3.95987132
  12.05264043
  21.76222090
  2.65809667
  14.12224611
  22.16977860
  0.34189469
  4.65155198
  0.25921458
  3.97898072
  19.86051463
  9.71056428
  1.47618169
  3.62413540
  21.70707791
  9.66132797
  3.66538323
  18.69928700
  7.75808361
  8.19566042
  1.34403017
  10.73026136
  5.83321003
  32.13557911
