  0.72949662
  1.02801742
  4.16135896
  4.27761950
  2.50104067
  0.92822166
  0.12552596
  0.09306023
  0.22553622
  0.47731601
  0.97739931
  3.53458686
  0.38182985
  0.66702035
  1.71678607
  11.07189423
  0.09496890
  1.72686746
  0.45276943
  4.61042668
  0.72559180
  1.43906755
  0.19809902
  1.79812361
  0.68265430
  0.17076417
  1.57065154
  1.24765414
  1.41756128
  0.08821563
  0.69261858
  0.06684180
  1.82141322
  0.78487399
  1.25412150
  0.07212270
  0.17689866
  4.77647057
  1.27395867
  0.35982730
  2.32694043
  0.76824865
  1.30508454
  0.07273972
  0.22938164
  0.61112412
  6.18594022
  3.02104272
  0.76435304
  0.19025486
  0.63978434
  0.74772534
  1.11923848
  5.13483104
  0.76296075
  0.53797440
  0.81930914
  0.66086018
  2.96676036
  4.40118574
  0.21957199
  0.60613617
  0.38640837
  0.52591867
  2.44950382
  0.87304400
  0.76143251
  8.67792164
  0.39258291
  0.11197954
  3.05525125
  0.49096507
  1.34922527
  0.60511877
  0.24098727
  1.27517789
  0.62830318
  0.35694206
  5.92709757
  7.21819838
  0.07736301
  0.21602560
  0.18340410
  2.57275510
  0.83964510
  0.15068987
  1.08884695
  0.32245635
  1.07542983
  0.18402842
  0.84071014
  0.53829572
  0.60208136
  0.45194868
  0.16085191
  1.14811212
  4.13206377
  0.37596306
  0.23381479
  4.14845339
  0.37434071
  0.39577853
  0.09165917
  0.53070922
  0.29991191
  0.45519992
  2.06279728
  0.20960645
  1.40873352
  1.00936068
  2.69500232
  0.45261695
  1.02549145
  0.78354550
  5.00440522
  1.70386806
  0.74815115
  0.63452071
  0.47714509
  13.18565134
  0.33545120
  3.54100778
  1.02102592
  1.56749629
  0.53033650
  0.56303099
  1.95996281
  0.12460150
  2.82281153
  1.01870880
  1.94327576
  0.07714047
  0.88447053
  2.46101935
  0.42180312
  0.51592155
  0.15524040
  0.89862699
  0.19935362
  0.81484881
  0.92745764
  0.99831502
  3.03513732
  1.06435303
  1.53508831
  0.04486714
  0.97849827
  0.68998015
  1.39744570
  2.33867115
  0.08448854
  0.31429620
  0.44042123
  0.48076421
  0.63717776
  2.18462274
  0.65139569
  0.16436908
  1.55824671
  0.70003780
  1.05324220
  3.11821012
  0.29218945
  2.74004376
  0.45782333
  1.74097464
  0.55048157
  0.24593896
  4.26059492
  1.17856500
  1.22847460
  2.03218626
  0.83550981
  0.99795944
  0.92005096
  2.00165526
  0.64578152
  2.84961029
  0.24612252
  1.36306793
  1.66496266
  1.06227617
  0.18224796
  0.03410379
  0.20009138
  0.55777006
  1.56383675
  0.43007042
  1.15055261
  4.55809242
  0.39174676
  1.55959200
  1.56958391
  0.08664737
  1.80139150
  0.74966686
  0.42864919
  0.39291397
  0.66721534
  0.23820816
  1.10197901
  0.13257709
  2.41317711
  0.79161086
  1.56141678
  1.14332770
  1.75289603
  2.12892354
  1.21501413
  2.60273629
  0.06858971
  3.35465897
  0.91308256
  0.36606932
  3.59888178
  0.65431973
  0.54526149
  0.08183965
  0.63636907
  1.18240499
  0.59450219
  0.34841349
  1.41193793
  1.26625610
  0.77168375
  0.49618597
  0.28796174
  0.27461168
  2.39801715
  1.29021463
  0.25282254
  0.06393015
  0.12767003
  0.17174672
  0.50467486
  2.67482725
  4.88547673
  0.50850072
  0.41338452
  0.51176602
  1.32198232
  0.33602059
  0.58066527
  0.46185938
  2.05748643
  0.23500589
  0.11530010
  1.18078755
  0.08303414
  1.04099834
  1.50496098
  0.37015542
  0.90007879
  4.25619708
  0.87920368
  3.82886144
  1.37509153
  10.83750384
  8.75418673
  2.21813989
  0.75559832
  2.29132236
  1.04376239
  0.73874307
  1.48224085
  1.32980283
  0.82003405
  0.23729688
  2.20808517
  8.26084146
  1.67634081
  0.36626872
  3.12154165
  0.93695199
  3.43777892
  0.62191243
  2.21752792
  4.37370316
  0.11911076
  2.56187973
  0.84282309
  1.18174589
  6.12089783
  0.79140616
  0.22025805
  2.67055913
  3.85787789
  2.48478828
  1.97417534
  0.02787067
  4.97263309
  0.33184448
  1.40614568
  3.25150037
  0.79730744
  1.97083073
  0.44468117
  1.35221011
  0.86301434
  0.47367486
  0.39236373
  2.66329544
  1.08127928
  12.81829101
  0.60520274
  0.38847375
  0.43401774
  3.87948025
  0.60258577
  1.37809947
  0.15844425
  3.33861748
  0.59147333
  1.62234802
  0.67787431
  1.94045878
  0.62366458
  1.71273804
  0.19996435
  0.37691771
  0.28455130
  1.52151913
  0.34804702
  0.71623611
  0.62621408
  1.06282346
  0.59656831
  2.15437981
  2.75446668
  0.93680507
  0.05397904
  0.78804216
  0.47743575
  0.39332476
  2.09829507
  0.33306933
  1.56402564
  5.14416764
  0.54302625
  2.47732039
  0.42851395
  2.06089679
  3.67056787
  0.80776026
  5.89982697
  0.19188109
  3.96964649
  2.41670104
  1.29890675
  0.07004056
  8.21172703
  0.14273215
  10.27009613
  0.48261638
  0.13483145
  3.47345206
  0.87054566
  1.41317024
  0.74286221
  0.34972358
  2.09430513
  0.50257793
  1.00274042
  0.84457968
  0.92648291
  0.47743283
  0.76235507
  0.96881466
  1.65551230
  0.31096413
  1.56627357
  0.23611374
  0.03847988
  0.11885962
  2.40073096
  0.89383869
  2.00486879
  0.24111497
  0.74862898
  0.82556366
  0.40509108
  4.41802277
  5.40970080
  0.39376515
  1.10097357
  1.36961183
  0.09454401
  10.32485311
  0.03076303
  0.32837421
  0.61331468
  0.13965904
  0.26932405
  2.07923062
  3.20604314
  0.25530884
  0.98698922
  0.04003251
  1.26263056
  14.74957730
  0.41078865
  0.11665586
  1.44915990
  0.88041555
  0.35963087
  0.68358658
  0.68468234
  0.99560900
  1.03511964
  0.77912276
  0.86352777
  0.28252980
  1.87374849
  0.27311231
  1.41288586
  0.64733192
  2.37941496
  0.40417088
  3.37803490
  3.71511689
  0.31231925
  1.71929267
  0.43641375
  0.35750579
  1.32504958
  0.80714498
  1.63637501
  1.58484455
  0.50021826
  0.12642749
  1.65002538
  0.60011075
  0.46802680
  0.05740733
  2.03649490
  12.84686143
  0.54528295
  0.93829885
  4.03409655
  1.00103550
  2.90306918
  2.36566397
  2.21417365
  3.51704236
  0.19976141
  5.29158834
  6.71369906
  0.24729185
  2.55236267
  0.73690758
  0.50407048
  0.66054687
  1.75179120
  2.37641097
  0.82600592
  2.99797976
  2.54603923
  0.50190355
  0.04892060
  1.38917454
  2.15920875
  0.05998109
  1.49854309
  0.40671212
  1.63592489
  0.58003107
  1.24434481
  4.04407728
  1.44956687
  6.73886105
  0.96042772
  0.54308040
  3.51662975
  0.21495985
  0.78437807
  1.09951611
  3.02982439
  0.69554220
  0.18231814
  1.42947564
  0.82202057
  0.74293602
  0.54933970
  1.46515842
  1.86043147
  1.35189200
  0.58969227
  5.51493325
  0.91956725
  2.16207923
  0.26673851
  0.63014609
  0.52658998
  5.12943137
  1.56906461
  0.37069630
  1.27409375
  1.13910461
  1.79947924
  1.81250678
  0.14946805
  1.14760229
  1.26441043
  0.16935989
  1.75489113
  1.99566407
  0.98357334
  0.55302094
  0.54704465
  0.24226467
  1.29801808
  0.66704175
  3.24913614
  1.73559295
  0.44696955
  0.25775981
  1.41074656
  1.17177666
  0.48792671
  0.83817934
  0.54079191
  0.07033940
  0.59754648
  1.10331718
  0.10207624
  0.86124756
  4.68833429
  0.08657966
  0.63570079
  1.43490180
  0.57089068
  0.46013961
  0.00645574
  0.31724959
  0.72593324
  0.54489483
  0.07365966
  1.80889214
  3.55022480
  3.68275749
  1.72604380
  2.85340604
  0.87838606
  2.42449448
  1.45104112
  0.48277149
  1.20593171
  0.80227479
  0.73542032
  0.68456867
  0.48232868
  3.60981484
  1.14817802
  0.33840695
  0.40812504
  2.16408927
  0.04260378
  1.53339098
  0.55264195
  0.30400514
  1.12690516
  1.72505970
  0.41798892
  0.56027612
  1.55320992
  0.58508980
  1.47717341
  0.78575788
  5.36106611
  0.46612709
  1.60159099
  0.46258519
  1.01007547
  0.02057472
  0.13357907
  3.06491830
  1.22929238
  0.24893045
  0.47473737
  0.00590786
  1.68643949
  0.53301986
  0.93293379
  0.90228725
  0.66843650
  1.01897023
  0.17170138
  2.16159099
  0.08505358
  0.52497556
  2.51868010
  0.28073052
  3.58628917
  1.12358714
  0.10739708
  0.50864399
  0.06673994
  0.58643739
  1.99942798
  0.04313331
  0.01737130
  0.26042966
  1.30272397
  1.25594247
  0.67584780
  0.86699796
  0.70961792
  0.58017690
  0.20691071
  0.01209624
  0.64699295
  0.04203570
  0.23122934
  0.43510426
  6.28378187
  1.30146673
  0.27383714
  0.31200244
  0.92668277
  1.06905459
  0.82450672
  0.92503237
  4.38673811
  1.06082243
  2.73999263
  3.96444829
  2.58649937
  0.62372901
  0.84362620
  0.35145017
  0.11874500
  0.52985433
  2.64381941
  0.25848613
  0.21894222
  0.36315588
  0.33423376
  0.04796355
  4.16854815
  1.52228222
  5.08962942
  1.03571648
  0.62844593
  1.35765324
  0.46396937
  0.97508463
  0.67141546
  2.46632841
  1.00959550
  0.74414723
  6.80937710
  0.30427220
  0.20004812
  0.28612575
  0.31164581
  1.40147327
  3.28022084
  2.56727230
  0.67866458
  5.35562948
  7.34423154
  1.29539168
  2.30485534
  1.33025574
  0.34931996
  2.79386155
  0.67853878
  0.67064286
  1.51674047
  2.55422180
  0.30106809
  0.83696439
  0.21002237
  0.54498065
  0.55462351
  0.80317568
  0.31938995
  0.46046794
  1.58834625
  3.77226870
  0.06384757
  4.01003148
  0.37379258
  2.91224619
  2.38687414
  1.85566469
  0.24048380
  0.64334385
  2.02322769
  0.89022421
  1.50195901
  0.37541655
  3.64555457
  0.44029026
  0.30440315
  0.74880529
  0.05868219
  2.46103477
  0.22373095
  3.72673034
  1.92791703
  0.78877528
  1.09336499
  0.18793430
  2.13422222
  2.09198354
  2.11100248
  5.47131425
  0.31906223
  1.09129460
  0.45140651
  3.24264746
  0.52889394
  0.17578933
  0.59683143
  0.73338149
  2.41942371
  0.95490837
  2.34275589
  1.27894942
  0.11248730
  0.11837403
  0.95068369
  0.11165689
  2.45998830
  1.74187506
  1.03549654
  2.88677697
  0.77412122
  2.41133238
  2.05888774
  0.67667993
  0.10136960
  0.41257068
  0.32339540
  3.28542205
  3.05568836
  4.97994703
  0.35476715
  0.56979490
  2.55825364
  0.00095816
  1.28775017
  1.70140324
  2.75593069
  0.83293750
  3.53899728
  0.55031825
  0.49583062
  0.87562040
  4.81015753
  0.86696568
  7.04530596
  2.86828755
  0.16211261
  0.23403516
  1.17758201
  0.49619346
  0.32906468
  1.06173539
  11.49697462
  1.17435780
  3.51629623
  0.70743772
  2.05760096
  0.04113882
  0.35440960
  0.05223517
  3.72998653
  1.57504956
  1.31967608
  0.90952391
  2.78924656
  10.72913714
  1.21800363
  2.96253531
  3.64015337
  1.20163349
  1.10903862
  0.25388344
  7.27523161
  0.86371067
  2.07907222
  1.24093866
  0.68978831
  5.54553604
  1.50635018
  0.07868062
  1.67106057
  0.98436915
  0.16818354
  1.10915420
  5.12282891
  0.69878458
  0.32475960
  1.77370187
  0.95174797
  4.44772048
  1.46207914
  1.44637852
  0.24527281
  0.42336368
  2.84049808
  1.99668363
  0.28416211
  0.32258381
  0.26613185
  10.70197480
  0.32494926
  1.62782491
  0.98454425
  0.34367710
  1.42622347
  4.13477627
  0.55246042
  0.54039059
  1.59035678
  4.93727649
  0.09636553
  0.78248229
  3.16702784
  0.90676092
  2.69323917
  0.41770052
  0.16400122
  6.58692851
  2.11471755
  5.78486368
  3.27509358
  0.07927478
  0.10421962
  0.26615413
  0.94118088
  4.31606370
  0.29585065
  0.85644413
  0.52529854
  0.18802800
  1.05326841
  2.63560180
  1.33259861
  0.82413384
  0.41665975
  0.23365709
  0.51656278
  0.53377996
  0.33030284
  0.56433031
  2.10428963
  0.41691245
  4.15454922
  3.75225084
  0.24744787
  0.22700040
  2.30452190
  0.48883593
  0.18073081
  0.14897066
  0.26228408
  0.83887912
  8.38004787
  2.74223365
  0.94520768
  0.41015302
  1.02545384
  0.48293603
  5.87939490
  0.68904798
  1.69484614
  0.96167864
  9.05371301
  0.29468588
  2.99384738
  1.79183434
  2.76573451
  0.10118001
  0.55108207
  0.42760543
  0.72466720
  0.42226188
  0.73044341
  0.14664098
  0.32257706
  0.61389822
  2.71284160
  1.10829007
  0.73027070
  0.92429329
  0.84770292
  0.38912214
  1.40843912
  0.15315126
  0.71868697
  1.18690607
  2.89237376
  1.14494929
  2.81021829
  0.80487226
  0.74716208
  2.92445316
  0.08957489
  1.06284177
  0.69249576
  4.00468753
  5.65566989
  2.16180425
  2.42405122
  0.49652232
  0.17482075
  0.43103438
  1.18219736
  1.68143566
  1.37827069
  0.67823514
  6.54944962
  0.81470260
  5.57066825
  0.07620722
  0.29393519
  0.43615400
  0.11946912
  1.30306678
  1.29842351
  0.22010064
  1.96615745
  2.75849111
  1.21165673
  1.07603083
  0.62834339
  0.12750129
  1.08094105
  1.68214545
  7.73913151
  0.81214053
  0.39449960
  0.84537519
  0.80606916
  4.72238985
  0.80098313
  0.48752359
  0.50876214
  0.41398581
  2.81701460
  2.21058236
  4.94858432
  1.37210223
  3.28174486
  0.17465388
  1.07565786
  3.22270504
  0.18218959
  0.44870912
  1.27975592
  1.47819508
  0.51304156
  1.95719897
  1.79256998
  0.34079981
  1.68391924
  1.71363834
  5.28294492
  0.26128897
  0.71024581
  0.92683015
  1.17436943
  1.32428833
  0.73712491
  1.37470839
  0.24025879
  1.71674297
  1.84267377
  1.73681484
  0.77633048
  0.59579877
  0.12958006
  0.34989252
  0.70452519
  3.19588285
  2.28784998
  1.09319160
  0.31838554
  4.31326715
  3.32824528
  0.10854982
  0.60909811
  0.99811797
  1.39329046
  0.13210879
  1.22635517
  2.07793548
  0.76787260
  2.45476018
  1.51453404
  1.17207094
  0.59225238
  1.47756696
  0.21581782
  0.43081025
  0.52168514
  0.46184213
  0.47232583
  0.64185526
  0.53001885
  1.59972129
  1.22961814
  0.31391793
  0.51440524
  1.78782214
  3.00382649
  0.14709524
  0.41140535
  0.82508250
  0.05289927
  0.86696990
  0.20282667
  0.11988902
  1.02581886
  0.55182533
  0.36234451
  12.51219679
  0.98403683
  3.89009474
  3.23486639
  3.03852197
  0.07900798
  1.25873483
  2.10668845
  1.04085796
  0.78614897
  1.08588725
  0.43375736
  0.92042168
  0.04966475
  0.99906915
  1.81940096
  1.00816364
  1.82659480
  2.04933141
  1.02550233
  3.13068695
  0.61391242
  0.19954076
  0.63431469
  0.40018803
  0.52318046
  0.51600332
  1.30476645
  0.82099640
  0.10161245
  1.22354326
  0.45985751
  1.68546045
  1.38600204
  0.76556446
  1.79697407
  0.08742863
  0.18910355
  0.60916564
  0.01739267
  3.17856195
  2.85078027
  1.32850041
  0.43052338
  0.18486937
  0.49878327
  1.04679508
  1.03961550
  0.35110758
  0.01134760
  0.13306717
  0.73146057
  0.88409020
  0.23206418
  1.59907137
  0.40726718
  0.57444424
  0.14056407
  0.52062629
  0.41863210
  0.85477170
  1.24843958
  0.67324589
  1.25206821
  0.51255717
  4.66076618
  0.64528112
  4.17039781
  1.25216541
  2.94706972
  1.39573366
  0.33558747
  0.13041766
  1.00943131
  1.21443367
  0.48866804
  0.93000263
  3.90447658
  0.48645874
  5.04840056
  0.29622749
  2.30496883
  0.28698622
  0.95144896
  0.28334508
  0.36235602
  0.49666454
  1.58083000
  6.18958372
  6.46186878
  0.74777545
  2.46527234
  0.32728796
  0.78426362
  1.24598428
  2.52022770
  0.18894258
  0.93577015
  1.21236295
  0.14499204
  0.13154460
  3.37720455
  4.61375584
  0.45461685
  1.53393728
  0.03306853
  3.98595381
  2.93111920
  0.99991260
  1.10228498
  0.00344599
  0.93902641
  0.09802048
  0.15588744
  1.14001877
  3.07168319
  1.07528140
  0.61036453
  0.60950941
  0.63037924
  0.70433251
  0.17781055
  6.17045002
  0.73908187
  4.13342318
  0.56870926
  4.17089882
  0.69756187
  0.86760107
  0.46140573
  1.72012003
  4.60560558
  0.54562202
  0.21932934
  0.37322898
  0.89237105
  2.72212868
  0.30238993
  0.25095082
  0.64031605
  0.14231902
  0.24919818
  0.20435772
  0.31928345
  1.08142959
  0.81415719
  2.83540114
  1.14591574
  0.21642118
  6.34345818
  2.04529421
  1.42166841
  1.61879105
  1.83114106
  2.08411719
  1.06974833
  0.31409931
  0.13867654
  0.65400450
  0.52251877
  3.76985642
  0.35076286
  0.89482560
  1.52495331
  0.65092605
  0.15970541
  14.01464833
  2.75863934
  2.54886997
  1.95397198
  0.42203379
  0.10108772
  3.78069154
  0.21298439
  1.21535259
  1.79572504
  1.43542936
  1.01376760
  2.66306358
  0.07051192
  1.58098504
  0.36521138
  1.99294680
  0.33388413
  8.95532416
  0.26490554
  0.15381015
  0.23260564
  1.31588243
  2.52130184
  7.94488824
  2.08250609
  0.60735421
  0.84365274
  0.66978167
  1.10506984
  3.82603163
  1.54960092
  0.23604991
  0.40080470
  0.55535056
  1.17371950
  4.98962172
  0.24986835
  0.98803388
  0.24836480
  3.29741919
  0.23305152
  0.37666203
  1.21341062
  1.30260944
  1.09681559
  0.27212552
  2.22067402
  1.15885512
  20.59621174
  0.70464575
  0.16622120
  0.89425831
  2.86410629
  1.80591302
  0.02114697
  1.27459231
  0.73008113
  3.87668714
  0.59358317
  0.43526846
  2.26780796
  6.19694320
  1.33923215
  0.09665113
  2.62017687
  0.94514355
  2.61240018
  1.37611272
  0.26516029
  1.69728328
  0.62505448
  0.58436476
  0.25087910
  0.04742819
  0.37213667
  1.74785838
  0.45185678
  2.46387776
  0.25563558
  0.25175892
  0.34628841
  0.07649773
  0.06611922
  0.92162970
  0.18829553
  4.93713868
  1.30560075
  0.25602616
  0.27163727
  5.24794062
  0.63802257
  2.88894841
  1.09336943
  1.44675799
  3.45311415
  0.45576676
  2.52312386
  0.47960909
  0.68647815
  3.35058468
  0.39765958
  2.25448331
  2.34326473
  0.69917951
  0.25251197
  0.64205776
  1.96449857
  0.22545962
  1.96905672
  5.48947105
  0.17269651
  0.07817489
  1.57948174
  2.52522761
  1.05016715
  3.85704769
  0.31157876
  1.20904178
  0.54265512
  0.79091685
  2.14998675
  1.34087502
  1.32669364
  2.34743198
  2.62672281
  0.23748461
  1.73759711
  0.06664336
  7.16301849
  0.26267300
  0.92380057
  0.11645719
  0.97625717
  0.53354884
  1.43732677
  3.41113724
  0.69343087
  0.07689617
  1.86903790
  0.13611203
  1.10289718
  0.40945853
  1.69199629
  1.09110178
  1.07662488
  1.82621335
  2.24662180
  2.43989647
  5.88191018
  0.44816895
  6.40289348
  0.27366603
  1.17989495
  0.30387993
  3.05342186
  1.35082817
  2.97862625
  1.61215543
  0.83097153
  3.36555473
  1.02579253
  1.42606228
  0.83799393
  3.18717529
  0.42340416
  3.85986479
  2.10986377
  0.21030524
  0.97502394
  0.20755897
  7.11029076
  0.81385291
  1.42791338
  1.07292155
  0.44387964
  0.10976198
  0.14334609
  0.07504249
  0.64503211
  5.21746880
  7.26778735
  0.47136930
  1.22063622
  0.45289099
  1.45269041
  0.28081151
  0.29234156
  2.26480202
  0.42555449
  0.39869402
  0.23628029
  0.89320239
  2.07937578
  0.75881518
  1.03303061
  1.45348053
  1.02070488
  0.47022003
  3.09741907
  0.51302032
  7.58131967
  0.60090852
  0.25630744
  1.22927519
  0.03248233
  0.86618321
  0.21286576
  1.53973266
  1.49105147
  0.17364771
  1.13424605
  0.43914375
  0.78758650
  0.39534395
  3.16302489
  0.16646410
  0.07134647
  2.47109970
  0.16451059
  0.29904700
  2.13324008
  1.21583917
  1.53310193
  0.29400680
  0.05282370
  0.49997880
  0.87438433
  0.60965771
  1.96782764
  0.57817232
  1.01675758
  2.66694876
  1.28229988
  5.13274021
  0.27532217
  1.78218005
  3.21342937
  0.88737173
  1.72569903
  0.11370470
  3.32905291
  1.25957769
  1.15902484
  0.63406716
  0.91174586
  0.82529697
  1.52947876
  2.54769247
  0.11719056
  3.36985194
  0.96487801
  0.66561820
  0.59244017
  1.25836499
  0.62895966
  0.84804139
  0.89134802
  2.22270709
  1.44093524
  1.67283748
  0.78280539
  0.41595763
  2.31501928
  0.81594520
  2.22056224
  1.01966836
  1.09880385
  0.04480650
  3.88964310
  0.19150215
  2.59894275
  0.53652743
  0.49567526
  0.59854037
  0.11378317
  0.35321493
  1.47870818
  3.43601952
  0.43883189
  0.46689376
  0.32124175
  0.90838902
  0.90080903
  0.24978943
  1.19477287
  1.03088490
  0.77858381
  0.97663071
  1.20975983
  2.01621313
  0.20012192
  1.33596315
  0.34747111
  1.10748171
  0.34012926
  0.79926622
  0.31215081
  26.05173019
  0.58098870
  5.08155355
  0.24276864
  0.07969020
  1.36075559
  1.10785432
  0.85485929
  0.94105951
  0.11866069
  1.70539780
  0.45760716
  0.24300041
  0.05854082
  0.29268047
  0.33663546
  2.70288988
