  0.02398189
  0.09602350
  0.09643635
  0.12612429
  0.74108992
  0.03651234
  0.18731759
  0.00001713
  0.07321698
  0.00011595
  0.01729845
  0.01555879
  0.00008801
  0.00001249
  0.67351342
  0.00000028
  0.13426049
  0.00559854
  1.55558882
  0.84825950
  0.00192987
  3.73247902
  0.05113549
  1.13296163
  0.00247254
  0.00036924
  0.57706506
  0.02196216
  0.00002863
  0.01532288
  0.53864138
  0.09054877
  0.46948343
  0.02039038
  0.00014260
  0.42063950
  0.00000007
  0.00000369
  0.43716388
  0.00001294
  0.08654766
  0.00453345
  0.00032266
  1.29002806
  0.00917194
  0.36093470
  0.00019289
  0.01431362
  0.05236859
  0.00582330
  0.00005012
  0.00004214
  0.14141541
  0.06016660
  0.00130402
  0.00006358
  0.00002353
  0.00022870
  0.51695786
  0.28763109
  0.14124456
  0.05639406
  0.01761210
  0.00067316
  0.00000081
  0.00000000
  0.00015399
  1.00295245
  0.09659048
  0.45289943
  0.65121104
  0.00000015
  0.30795173
  0.16256573
  0.01585277
  0.00000565
  0.00000010
  0.03126365
  0.00530810
  0.00012112
  1.53891340
  0.00000240
  0.02525516
  0.18584626
  0.00000541
  0.00000000
  0.12755994
  0.07374829
  0.00305618
  0.25507199
  0.16307267
  1.00668023
  0.00265224
  0.00331233
  0.00451914
  0.05063217
  0.01048332
  0.00000001
  0.03162231
  0.00000975
  0.01906230
  0.00012267
  1.71747056
  0.00019474
  0.18544754
  0.00000036
  0.39920689
  0.01043861
  0.93202308
  1.96114491
  0.00010888
  2.35763362
  0.96798120
  0.05443038
  0.19954152
  0.00000556
  0.03525559
  0.00574827
  0.03385275
  0.00386768
  0.00700011
  0.20402967
  0.26810566
  0.32255018
  0.00003729
  0.01875519
  0.05660200
  0.01357082
  0.19206531
  0.00000000
  0.04255511
  0.11337522
  0.00176173
  0.00552976
  0.14201108
  0.00020111
  0.06280820
  0.00000022
  0.00003371
  0.07515919
  0.01861730
  0.16244572
  0.00001181
  0.00040808
  0.63245936
  0.65826005
  0.00016808
  0.00118759
  0.89705108
  0.60825677
  0.03912278
  0.07532215
  0.00192315
  0.00208095
  0.28252134
  0.00000008
  0.00044360
  0.03338580
  0.00000692
  0.36883661
  0.01519773
  0.00000020
  0.00251951
  0.05807760
  0.01047475
  0.00030969
  0.00221248
  0.01417052
  0.00046921
  2.81340591
  0.29820235
  0.01087657
  0.00055521
  0.00071454
  0.00221029
  0.01418313
  0.53878524
  0.00023638
  0.00306589
  0.49201664
  0.00001805
  0.00000007
  0.12712224
  0.01435517
  1.15629603
  3.22694896
  0.00007191
  0.25851566
  0.18388108
  0.00175143
  0.00094612
  0.00027971
  0.00001992
  0.25000351
  0.32486523
  0.51886589
  0.00068812
  0.13399655
  0.05821628
  0.04582169
  0.00007486
  0.26119155
  0.03689044
  0.08375158
  0.69295599
  0.00486457
  0.07178465
  1.89912061
  0.00789911
  0.06875064
  1.50460444
  2.82653894
  0.70767175
  0.00003814
  0.00053055
  0.00002660
  0.23437900
  0.01089311
  0.00137744
  0.04009120
  0.00000011
  0.00175133
  0.14564645
  0.00008572
  0.11420471
  0.41267405
  0.00103536
  0.00067800
  0.00031253
  0.02183183
  0.00000001
  0.00000301
  1.42521581
  0.44148009
  0.00118001
  0.01529875
  0.00038227
  0.11670124
  0.00834849
  0.23497912
  0.09806280
  0.00153005
  0.00001264
  0.04212115
  0.01663330
  0.00055269
  0.01720712
  0.00864723
  0.50414743
  0.01663703
  0.38268244
  0.05720960
  0.05765747
  0.06693742
  0.22791400
  0.18004376
  0.00000000
  0.00000292
  0.00145026
  0.00000052
  0.06903632
  0.02297986
  0.16655439
  0.00000800
  0.00003122
  0.80920847
  0.00000530
  0.00000982
  0.00109423
  0.10612345
  0.00001283
  0.09657019
  0.13012037
  0.10459948
  0.01441527
  0.00001190
  0.00002022
  0.00798402
  0.09639557
  0.29157376
  0.05063511
  0.00000370
  0.19482144
  0.09093719
  0.00007144
  0.00686012
  0.00159196
  0.00013830
  0.42067865
  0.14535353
  0.00000141
  0.50184501
  0.01018840
  1.28756321
  0.00928926
  0.63605707
  0.20274364
  0.48563778
  0.00009547
  0.00332336
  0.00535040
  0.09707590
  0.00000619
  0.10973474
  0.02106098
  0.02606790
  0.00042659
  0.46788194
  0.01750729
  0.03573360
  0.34474325
  0.72371667
  0.06075129
  0.07266872
  0.19340455
  0.00050965
  0.00000002
  0.16659910
  0.23903132
  0.00997151
  0.00008343
  0.00000004
  0.52594659
  0.01312040
  0.00680205
  0.04479882
  0.23460612
  0.01698168
  0.00062006
  0.13397435
  0.00136121
  0.00000000
  0.00132610
  0.00000008
  0.00000206
  0.00001103
  0.00011025
  0.03283498
  0.49725976
  0.03288491
  0.23036089
  0.25166980
  0.01693146
  0.00000004
  0.00000000
  0.00000177
  0.02984026
  0.06332511
  1.81716092
  0.00466489
  0.01424949
  0.12890902
  0.17366205
  0.00000011
  0.07799059
  0.00001635
  0.00001722
  0.00662668
  0.07065736
  0.00004320
  0.00032040
  0.00839944
  0.03785074
  0.02357271
  0.27996079
  0.00040931
  0.25965194
  0.36821510
  0.00044177
  0.21512175
  0.24467379
  0.17734234
  0.15498659
  0.45594603
  0.15103425
  0.00021511
  0.00002386
  0.00094005
  0.00005407
  0.26453235
  0.58412343
  0.13332664
  0.00467188
  0.00243291
  0.01029669
  0.25655502
  0.00259423
  0.00000065
  0.00044366
  0.00312721
  0.00002425
  0.00514519
  0.00000904
  0.00069532
  0.00065901
  0.00001538
  0.00000133
  0.01153064
  0.00000000
  0.41764578
  0.00000933
  0.04187481
  0.00002656
  0.00004302
  0.01518865
  0.00017537
  1.26046778
  1.68106219
  0.00065701
  0.02942348
  0.01312944
  0.00193172
  0.09252812
  0.00000058
  0.01833330
  0.55724832
  0.03601577
  0.00125755
  0.16522392
  0.04125816
  0.00000002
  0.02490722
  0.04045559
  0.00047422
  0.01694404
  0.05451805
  0.00721739
  0.25806071
  0.00595814
  0.29782272
  0.00000007
  0.00103534
  0.00235374
  0.00006187
  0.04005004
  0.02083632
  0.00014938
  0.70846849
  1.90384888
  0.55561417
  0.13755697
  0.02030299
  0.05155279
  0.11138581
  0.01712488
  0.01526078
  0.00270519
  0.13915282
  0.01364499
  0.00442187
  0.00000051
  0.04018744
  0.01093078
  0.70454271
  0.23896981
  0.00000000
  0.02953476
  0.00096887
  0.20171657
  0.00024284
  0.10378431
  0.22043731
  0.00021048
  0.02325206
  0.16179653
  0.00005203
  0.07875124
  0.44194287
  1.40756111
  0.00000030
  0.00000004
  0.00000017
  1.49798034
  0.16709601
  0.00935978
  0.06270690
  0.49323951
  1.72709200
  0.71246901
  0.08944736
  0.58733457
  0.00526803
  0.38709138
  0.08938529
  0.02016153
  0.00000743
  0.11842370
  0.06629043
  0.02736463
  0.08635286
  0.00060977
  0.01838488
  0.31780771
  0.00000531
  0.00176998
  0.00003979
  0.02500212
  0.14374958
  0.00138055
  0.04287500
  0.00811846
  0.00000025
  0.00689239
  0.78091176
  0.00000000
  0.00000023
  0.00000435
  0.19522449
  0.00001855
  0.14836159
  0.00062701
  0.00976564
  1.40024049
  0.30809675
  0.00853581
  1.03555784
  0.93133091
  0.08522502
  0.00000004
  0.00000000
  0.00000050
  0.00000186
  0.02924868
  0.14157383
  2.73200394
  0.07454570
  0.00001891
  0.00252918
  0.00837024
  0.08752091
  0.00005964
  0.00082799
  0.02948549
  0.00006201
  0.00003334
  0.05235086
  0.00000422
  1.33635864
  0.27183430
  0.01444877
  0.00187636
  0.00000070
  1.90395552
  0.26657656
  0.00000027
  2.72667471
  0.08543405
  0.01194391
  0.00051081
  0.05357334
  0.01192722
  0.01057004
  0.85536699
  0.49562521
  0.00239304
  0.00110778
  0.00023955
  0.17063107
  0.00000000
  0.00003503
  0.09601281
  0.02764396
  2.27945751
  0.00184649
  0.00000000
  0.21224240
  0.00000002
  0.02104320
  0.00001258
  0.00079963
  0.00054810
  0.23626206
  0.00997640
  0.05816251
  0.05387320
  0.02562498
  0.09795374
  0.00003874
  0.00000000
  0.01419150
  0.00065914
  0.03908386
  0.10148322
  0.00268175
  0.64585147
  0.74112244
  0.78988275
  0.02432476
  0.00001898
  0.47141491
  0.00000333
  1.57820094
  0.24023583
  0.06957803
  0.00230097
  0.19769615
  0.21554300
  0.00060583
  0.03795331
  0.04988436
  0.01319271
  0.00000004
  0.00032167
  0.00073122
  0.08059612
  0.00046638
  0.25505608
  0.00005472
  0.00000018
  0.02668752
  0.29008074
  1.33065744
  1.88622886
  0.00925794
  0.00512543
  0.00441427
  0.00000002
  0.32009206
  0.42479302
  0.10965878
  0.00000005
  0.02840428
  0.08008081
  0.00000717
  0.01820702
  0.02500742
  0.00000294
  0.24568650
  0.00015282
  0.05822443
  0.00006287
  0.34156612
  0.07627418
  0.85825807
  0.00000000
  0.30190881
  0.11069037
  0.00000044
  0.00060389
  0.10667628
  0.02799229
  0.00170823
  0.27750116
  1.89431470
  0.00120558
  0.05881156
  0.18590637
  0.14820847
  0.00709033
  0.01502095
  0.37611304
  0.17574315
  0.10094382
  0.00644574
  0.00533090
  0.78096649
  0.00000006
  0.00000002
  0.00006943
  0.00388096
  0.06528284
  0.00004487
  0.02404743
  0.00954374
  0.70237245
  0.00000124
  0.00388086
  0.00069757
  0.05578633
  0.01411328
  0.38558616
  0.40567083
  0.00165995
  0.00013863
  0.00045147
  0.00158741
  0.00006967
  0.00000002
  0.00001813
  0.19955948
  0.03453610
  0.00000069
  0.00043625
  0.00000000
  0.00176142
  0.04184418
  0.00127738
  0.00998186
  1.23607510
  0.09785729
  0.00000057
  0.00250904
  0.00004168
  0.00002920
  0.00513703
  0.00000676
  0.00502765
  0.93544661
  0.01930205
  0.61184966
  0.00146671
  6.47685495
  0.03552437
  0.00149979
  0.00986001
  2.64288517
  0.52903015
  0.00139743
  1.03180364
  0.00208605
  0.15541059
  0.74217342
  0.08398234
  0.08800085
  0.00083273
  0.00415095
  0.02798239
  0.00003463
  0.01152263
  0.00000030
  0.14172417
  0.29325717
  0.00000114
  0.83789563
  0.97253776
  0.00470834
  0.00640694
  0.00525325
  0.13451242
  0.00002502
  0.00098933
  0.06567275
  0.00042905
  0.00000010
  0.00000154
  0.00327455
  0.00000665
  0.22269707
  0.00000570
  0.67585207
  0.01886102
  0.24481477
  0.00000599
  0.01324451
  0.38352074
  0.02032104
  0.06725476
  0.00000191
  1.97997484
  0.01859102
  2.36886529
  0.04086827
  0.30153012
  0.00000642
  0.00002334
  0.10780875
  0.19471178
  0.00004231
  0.09640064
  0.00036695
  0.00018436
  0.08256671
  0.02882357
  0.00000001
  0.02897333
  0.58965268
  0.00002120
  0.00053353
  0.85301201
  0.73439458
  0.00002003
  0.00014688
  0.00200957
  0.00041714
  0.86538752
  0.33701470
  0.00000775
  0.00165411
  0.00121826
  0.00030853
  0.00000000
  0.54249944
  0.18690556
  0.09269049
  0.00539103
  0.01195099
  0.00972908
  0.52073321
  0.24043973
  0.01934158
  0.00007561
  0.00055516
  0.01176595
  1.49334467
  0.00469287
  1.13895923
  0.00846219
  0.00960900
  0.08836531
  0.17103855
  0.01209088
  0.26422559
  2.60623072
  0.05034631
  0.18520976
  0.01082457
  0.00527349
  0.27960595
  0.10556895
  0.01164560
  0.68866615
  0.16125905
  0.03949700
  0.01142644
  1.65693499
  0.94627884
  0.00000000
  0.02828531
  0.00000053
  0.06658139
  1.08800092
  0.21240005
  0.00497064
  0.00159876
  0.00038651
  0.24255925
  0.02614128
  0.00076352
  0.38014719
  0.01943481
  0.06541683
  0.00203006
  0.02677837
  0.05981149
  0.00302745
  0.16581270
  0.13992386
  0.00000375
  2.98487626
  0.00003394
  0.45721482
  0.00017752
  0.00010724
  0.00650154
  0.18085206
  0.17433462
  0.09366513
  0.00000009
  0.05594353
  0.36736058
  0.00000006
  0.00000000
  0.03962896
  0.00002710
  0.00473698
  0.00811107
  0.06442562
  0.00002852
  0.37055391
  0.00006998
  0.04794813
  0.80627987
  0.04870321
  0.00020714
  0.60113511
  0.04829282
  0.00005031
  0.04784639
  0.04939343
  0.05619625
  0.00000000
  0.00043522
  0.08946991
  0.03978359
  0.44876982
  0.00000000
  0.00314383
  0.16168288
  0.00000000
  1.53940738
  0.00012693
  0.05414260
  0.00566079
  0.37198925
  0.81990349
  0.00046878
  0.05761114
  0.00062846
  0.00089873
  0.00078656
  0.00125339
  0.00022747
  0.00000026
  0.00000445
  0.03562486
  0.02524144
  0.97492748
  0.01007964
  0.02144866
  0.00349214
  0.00194766
  0.00138581
  0.33360399
  0.26811643
  0.05127972
  0.03189444
  1.08196062
  0.03195118
  0.00218385
  0.04473760
  0.28781655
  0.24474368
  0.00859045
  0.00169960
  0.10389462
  0.23833105
  0.00045281
  0.00050038
  0.32721721
  0.00081283
  0.00005185
  0.01435628
  0.11844448
  0.01033854
  0.00000722
  1.22760228
  0.00006395
  0.01060245
  0.51791846
  0.06480394
  0.01561803
  0.04057042
  0.11420061
  0.14466624
  0.02353336
  0.00403521
  0.00000895
  0.09919500
  0.80186442
  0.00000020
  1.06231419
  0.02036433
  0.40032936
  0.23755776
  0.00010839
  0.00019034
  0.00000423
  0.00001417
  0.00000002
  0.00013584
  0.78023191
  0.48983783
  0.70527681
  0.00000127
  0.03118280
  0.35513665
  0.01109527
  1.80213708
  0.00697353
  0.72005490
  0.03620349
  0.37653691
  0.69844635
  0.13468984
  0.00020417
  0.00736774
  0.51376316
  0.11469164
  0.23871544
  0.00000000
  0.01307689
  0.45467972
  0.00648419
  0.00000645
  0.03026250
  0.45273267
  0.00020459
  0.15982365
  0.00000008
  0.00258228
  0.08247381
  0.00013726
  0.06023107
  0.25132747
  0.00369132
  0.07506404
  0.00000001
  0.00784731
  0.04144804
  0.21249792
  0.04054763
  0.30654428
  0.01878439
  0.02672901
  0.05949451
  0.08660611
  0.00003393
  0.15332435
  0.00102775
  0.03549929
  0.47405431
  0.00000000
  0.11249801
  0.10824868
  1.06153328
  0.03333547
  0.01168134
  0.00000396
  1.23919926
  0.00000002
  0.16802327
  0.10109355
  0.01795828
  0.00022734
  0.01271484
  0.34982240
  0.18332972
  0.00142946
  0.01066492
  0.01649828
  0.00157838
  0.39111040
  0.00096323
  0.09207695
  0.01813506
  0.18873756
  0.00000016
  0.00086686
  0.00006787
  0.00678099
  0.76320915
  0.00000001
  0.10441945
  0.00001073
  0.00002158
  0.05817393
  0.00337955
  0.00397366
  0.25467956
  0.37899218
  0.57623478
  0.05373886
  0.01988206
  0.09640633
  0.00000773
  0.06935337
  0.01074654
  0.26201898
  0.69825447
  0.04108576
  0.16384909
  0.00001423
  0.00001882
  0.07357337
  0.01029684
  0.41706186
  0.16911417
  0.13308569
  0.05895799
  0.02815465
  0.26006113
  0.27262355
  0.00000753
  0.01475266
  0.01283068
  0.02874992
  0.00003583
  0.00411688
  0.61330823
  0.03131324
  1.15322642
  0.00003276
  0.00010362
  0.43165744
  0.00020240
  0.23131823
  0.08830153
  0.00952782
  0.45452803
  0.00428138
  0.00008736
  0.02331194
  0.00618142
  0.07030644
  0.00192812
  0.33697782
  0.11008818
  0.00000061
  0.02000409
  0.05090418
  0.02476778
  0.01558905
  0.00123224
  0.00001227
  0.11965611
  0.04042425
  0.00059696
  0.07496562
  2.76364051
  0.00095849
  0.00000234
  1.75749762
  0.06747534
  0.09135693
  0.00153606
  0.01617998
  0.00006967
  0.00022827
  0.00000046
  0.00031831
  0.10336765
  0.04488372
  0.04561959
  0.26664776
  0.42446989
  0.00823936
  0.02595875
  0.00022703
  0.05607967
  0.73310141
  0.00004446
  0.04053580
  0.85046028
  0.00438219
  0.00003402
  0.00957392
  0.76836729
  0.11342714
  0.86968250
  0.00419179
  0.00333431
  0.01076143
  0.15321717
  0.00000000
  0.00556870
  0.00569946
  2.14419424
  0.04939385
  0.02205063
  0.00705522
  0.00000125
  0.02876111
  0.05269507
  1.82305391
  0.00000098
  0.00024938
  1.40970409
  0.00062652
  0.00165310
  0.02100589
  0.00077511
  0.01766611
  0.19439848
  0.00038986
  0.87617182
  0.01033303
  0.00000000
  0.34063061
  0.01455248
  0.72153344
  0.04069360
  0.17736482
  0.00935591
  0.13036888
  0.00000040
  0.98779731
  0.64148722
  0.00250965
  0.48260317
  0.00823714
  0.00000031
  0.34693197
  0.00116298
  0.09116356
  0.00518654
  0.02966440
  0.00000234
  0.00439821
  0.00248569
  0.05070623
  0.00028261
  0.00005373
  0.32993288
  0.24891270
  0.17369068
  1.03905063
  0.01908343
  0.00271647
  0.06940425
  0.21833486
  0.21079607
  0.70821699
  0.00425647
  0.10629277
  0.43673188
  0.00433562
  0.10265817
  0.08396807
  0.00245646
  0.27032250
  0.00613821
  0.27011675
  0.00000051
  0.01491316
  0.00000693
  0.00000000
  0.00141444
  0.03889355
  0.02734302
  0.00077789
  0.00003055
  0.00005852
  0.02693087
  0.90774807
  0.83272849
  0.28074584
  0.40275157
  0.00405899
  0.00000380
  0.00228992
  0.11570116
  0.00334487
  0.03824648
  0.18516908
  0.05659861
  1.04111033
  0.02645852
  0.25319824
  0.00471079
  0.03096103
  0.09239317
  0.69728557
  0.00415252
  0.01193488
  0.28225925
  0.06541450
  0.00407920
  0.00678175
  0.18899984
  0.04104104
  0.03690164
  0.56842517
  0.00000000
  0.00000054
  0.03515964
  0.62999088
  0.07644231
  0.11685015
  0.07514143
  0.00031247
  0.21249090
  0.00020448
  0.00358595
  0.00000000
  0.08832224
  0.02216625
  0.00020452
  0.21976079
  1.04428479
  0.00243712
  0.00054611
  0.19908329
  0.00996893
  0.05206908
  0.01147551
  0.00397054
  1.27026572
  0.00023870
  0.51893421
  0.13974386
  0.00294985
  0.00000002
  0.03266728
  0.00057353
  0.00654751
  0.30710870
  0.01284435
  0.00697886
  1.20250639
  0.67664533
  0.30337680
  0.00077318
  0.05594492
  0.03330285
  0.00000050
  0.10300388
  0.00003031
  0.00012795
  0.00000235
  0.73645739
  0.12419930
  0.72217025
  0.28453759
  0.04226939
  0.00000000
  0.01800417
  0.00000000
  0.01819672
  0.00174135
  0.45800025
  0.02613999
  0.00275235
  0.26542573
  0.27433530
  0.05096594
  0.28279634
  0.38177692
  0.84936158
  0.00346456
  0.00869474
  0.02258633
  0.22762457
  0.00004072
  0.11462661
  0.00000000
  0.39807865
  0.00388173
  0.01908591
  0.00000000
  0.01240780
  0.00043089
  0.00124900
  0.05395365
  0.00002047
  1.60778578
  0.49874250
  0.00007772
  0.10948773
  0.04942464
  0.00003474
  0.02219884
  0.00014357
  0.04103407
  0.00555812
  0.00239351
  0.26395463
  0.42482246
  0.02833294
  0.06496917
  0.00470756
  0.00182952
  0.23885837
  0.00003913
  0.02609721
  0.01260248
  0.40024953
  0.02030897
  0.11323032
  0.00000512
  0.56643095
  0.11087173
  0.61464041
  0.16131897
  0.44401249
  0.00315012
  0.00000613
  0.03690496
  0.00011322
  0.00000000
  0.00007448
  0.06308472
  0.00339395
  0.77722709
  0.00204651
  0.18755900
  0.00100442
  0.00000000
  0.13169665
  0.00796249
  0.00000000
  0.11969888
  0.02376594
  0.32341089
  0.00004125
  0.02743756
  0.01614997
  0.00218245
  0.01073606
  0.12532556
  0.05115553
  2.78232616
  0.00692016
  0.18996142
  0.18897082
  0.00059565
  0.00096559
  0.50565847
  0.01198492
  0.00000105
  0.01729126
  0.00870578
  0.00041368
  0.00021617
  0.00002414
  0.28612046
  0.83227742
  0.00000109
  0.00014256
  0.04691718
  0.00000215
  0.01000769
  0.00000001
  0.00000023
  3.43583275
  1.88814054
  0.00629988
  0.54227050
  0.20131492
  0.11147662
  0.44542586
  0.00968698
  0.53123447
  0.08875494
  0.00000493
  0.07359404
  3.19880492
  0.38308963
  0.50726243
  0.00038852
  0.22170264
  0.00000013
  0.83731966
  0.08295128
  1.93002084
  0.02956880
  0.17750831
  0.00375763
  0.04714296
  0.00790612
  0.00060686
  0.08425841
  0.13310566
  0.00027905
  0.00000012
  0.00000000
  0.00559647
  0.02459710
  1.25816500
  0.08212323
  0.01034350
  0.23296520
  0.00427186
  0.00110851
  0.24125597
  0.00510217
  0.00462227
  0.00260476
  0.76606155
  0.00039523
  0.00296820
  1.09397397
  0.00218775
  0.02456755
  0.03233542
  0.00006116
  0.01479697
  0.01162511
  0.28768590
  0.07835462
  0.00665881
  0.07234606
  0.00000182
  0.00000007
  0.24687841
  0.65468344
  0.02050276
  0.00067493
  0.06614861
  0.88977728
  0.35615655
  0.00000000
  0.00829306
  0.19008437
  0.00358111
  0.15693246
  0.01272058
  0.00000628
  0.00867539
  0.27970727
  0.95944747
  0.08843066
  2.55424843
  0.00134507
  3.25084785
  0.87819846
  0.00061367
  0.00007714
  1.47437397
  0.01087641
  0.00012380
  0.57775599
  0.00058871
  0.05688280
  1.32968721
  0.21969664
  0.00015961
  0.00843210
  0.26411162
  0.00009009
  1.60990311
