  11.06965573
  11.29832188
  11.22829300
  11.77020722
  11.22894472
  10.99060940
  11.27269736
  11.75662916
  11.96937974
  10.83974630
  11.10907822
  11.70371321
  11.35050650
  11.36940521
  10.76135187
  10.79996091
  11.41329532
  12.56480179
  11.18970283
  11.48003642
  10.80974253
  10.98379735
  11.04257613
  10.98150235
  11.03435885
  10.92376117
  11.60866342
  12.40628638
  10.80199356
  10.86132979
  10.75440912
  13.31578447
  11.88188598
  10.80786349
  10.68685258
  11.21531604
  11.28382328
  10.99688421
  10.96637909
  12.29652073
  12.92124710
  10.70922676
  12.12707404
  10.92013727
  10.91136624
  11.34721551
  16.07121953
  10.85117000
  11.14529654
  10.54769272
  12.52827847
  10.89332187
  10.92305639
  10.65195605
  10.84595416
  11.30648446
  11.76797616
  10.70224815
  11.06208595
  11.94481519
  10.77321719
  15.70341265
  11.03319554
  10.78979162
  11.72524664
  10.97988439
  11.21951192
  11.19075303
  11.65097041
  10.89768355
  11.05586041
  11.15421801
  10.81576118
  10.99990769
  11.59989030
  10.86982051
  10.66640488
  11.08452221
  10.72976598
  10.81086629
  11.61708358
  11.06735548
  10.75516404
  12.94662652
  11.21291995
  10.93155120
  10.95441216
  10.91941369
  10.84139945
  11.12108370
  12.66823877
  11.29855573
  10.99691369
  11.27462220
  11.53812244
  10.82413703
  11.59571038
  12.34550698
  10.82488042
  10.83204530
  11.02807060
  11.59712193
  12.26289094
  11.92552155
  11.14804287
  10.79279064
  10.96867858
  11.71071308
  10.78703964
  11.07577484
  10.78265281
  11.16297534
  11.29336635
  11.02027400
  11.16458376
  11.05751104
  10.89401954
  11.61221195
  10.79322011
  11.00464242
  10.76859250
  10.84112153
  10.83020437
  11.13996021
  11.70163965
  10.94837278
  11.46168868
  11.11025038
  11.29314090
  10.97167441
  11.15674972
  11.16794032
  11.04399534
  10.70497496
  10.86751196
  10.69208970
  10.70326426
  11.31297866
  10.60618783
  10.61345935
  10.81804361
  11.60514337
  12.41750258
  14.61989810
  11.22918767
  10.84371140
  11.63353301
  10.77760702
  11.85454368
  10.97193493
  10.67730026
  10.80128018
  11.48307357
  10.90132214
  11.32046489
  11.24205359
  11.03579128
  11.02434853
  10.73802853
  10.95550165
  10.67220396
  10.72938068
  11.09385181
  10.78971658
  13.03042430
  12.11006031
  10.96330145
  10.73921191
  10.81099688
  10.86316320
  12.90472340
  10.61335781
  10.72184998
  10.89997922
  11.07420903
  10.80158235
  11.34876222
  11.62068376
  10.73715298
  11.83965399
  10.54924536
  11.56659516
  11.27468324
  10.71989720
  11.19067006
  11.02020716
  10.93354670
  11.00748807
  11.42685832
  10.81565370
  11.32109654
  10.90253342
  11.39644099
  12.53051987
  12.42061720
  11.12201095
  10.92647712
  10.86487095
  10.93765812
  11.59936188
  11.44254003
  14.87146079
  10.95423743
  14.05818546
  11.46318511
  13.16251028
  11.14416417
  11.01087696
  11.00587198
  10.61936441
  10.64010513
  11.40920589
  11.79804297
  11.34226440
  11.09494267
  11.99024004
  10.74912152
  10.70026486
  11.05033814
  11.10062518
  10.81136442
  11.26350983
  13.08632589
  11.02108419
  10.82517506
  11.95819098
  12.23496578
  11.63556156
  11.34828871
  10.81737274
  10.69032487
  11.33729979
  11.57767921
  10.89784713
  11.00558042
  11.36520500
  12.27370133
  10.77437928
  13.35161499
  11.09949750
  10.80794760
  12.96255873
  13.85099639
  11.26751657
  13.83075450
  10.80939683
  12.34544975
  10.84296382
  11.91740812
  11.18196216
  11.15255003
  11.24209593
  11.36482416
  10.86620894
  10.73767846
  11.06047110
  11.10556750
  10.73266733
  10.96791856
  11.61117467
  11.10155279
  11.17062656
  10.94578480
  10.83967633
  10.97973009
  10.65806099
  11.37000859
  10.94935371
  11.44090140
  11.17290918
  11.49831957
  11.33015654
  10.77961445
  12.08139581
  11.04902358
  12.29177183
  11.15718934
  11.14050402
  11.02413227
  11.47384974
  11.86323816
  11.33152522
  11.35610337
  10.86538547
  10.59709560
  11.91874523
  11.12497110
  10.79909421
  11.25458625
  11.17969704
  10.90721209
  10.91774999
  10.96566149
  11.29025272
  11.29415143
  10.86068264
  10.82617118
  11.34783391
  11.16990107
  10.73744045
  10.68339730
  10.74475043
  10.77714561
  11.15165199
  11.19322015
  10.66486743
  11.04842852
  11.28409772
  11.32031524
  10.96576275
  10.75319101
  11.02449061
  11.85467323
  11.47266283
  10.84939709
  11.04651940
  11.83205893
  10.98699484
  11.86311255
  11.00019805
  10.82067355
  11.11838708
  10.89007148
  11.96666266
  11.64833020
  11.92860709
  12.20937800
  10.71471815
  11.80365785
  10.63711055
  11.11613249
  10.88358533
  11.19351300
  10.79623664
  10.91120588
  11.02673719
  10.91485942
  10.99743008
  11.45627424
  11.00556775
  10.66849475
  11.00194575
  11.56942926
  12.67886658
  10.85231306
  10.99038314
  11.10019276
  11.05382614
  12.26998837
  11.02446813
  11.65474503
  11.57081997
  10.74205648
  10.85398376
  11.54628940
  10.90166304
  11.03257325
  10.67540601
  10.68140351
  10.81719422
  10.92396891
  10.98838792
  11.16028234
  11.71656373
  11.66900196
  11.33827677
  11.00581615
  10.89668993
  10.84003337
  11.76932297
  10.91773969
  10.92671707
  11.02732340
  11.83125670
  10.85429674
  11.00527832
  14.46413115
  10.98563937
  11.47284065
  10.93299942
  11.00839778
  10.77714525
  10.86035764
  11.92332881
  11.98700511
  11.83694369
  10.86977586
  11.67001366
  10.91769286
  11.43844840
  11.02738942
  10.89332695
  11.78392746
  11.31011747
  11.72540439
  11.02657178
  10.83125319
  11.23920572
  10.93370748
  13.05409046
  11.67486503
  10.58321031
  10.76252481
  11.70520899
  10.66803246
  10.97056587
  11.27407885
  10.56352589
  12.26804914
  11.32446943
  11.02828656
  11.21690409
  12.54863889
  10.71433738
  15.12719223
  10.88606793
  10.79649770
  10.98004502
  11.43058343
  11.15251482
  11.38111211
  20.02376569
  11.34642501
  11.30822758
  10.90694747
  11.05576461
  10.88075882
  11.27465917
  10.83667980
  11.25993663
  10.76476594
  11.03815525
  11.42135482
  11.29623191
  11.50073021
  10.89614870
  12.21392798
  12.09143308
  11.70370390
  10.88038953
  10.86834342
  11.36232461
  11.28346710
  11.49181905
  11.16057066
  10.58470336
  11.13298072
  10.65915254
  13.18827966
  11.41411046
  10.79757739
  11.06963175
  11.43347048
  11.18187405
  11.11011934
  12.21199461
  11.20821811
  10.69761033
  11.90630159
  11.12697892
  10.95834394
  10.58381657
  11.18707584
  10.77225900
  13.28209376
  11.08703353
  10.98726594
  10.71186198
  11.18141351
  10.78047312
  11.89621256
  12.21347007
  12.87100194
  10.64088079
  14.48382652
  10.68489782
  11.92516941
  11.11642368
  10.78017527
  11.10315841
  10.85870467
  10.78410856
  10.77147282
  11.10811658
  11.40421684
  10.78472584
  12.60897632
  12.29815106
  11.02569240
  15.37073296
  11.00850258
  11.54069198
  11.37514842
  13.27537550
  10.89636438
  11.02018645
  11.11867380
  11.06995111
  10.67323412
  11.24563851
  10.90694478
  10.59680442
  11.29891315
  10.98871665
  10.80126538
  11.01838883
  11.25579255
  11.19580763
  11.59162587
  10.70957495
  10.88440460
  11.00356801
  10.86778234
  12.19820108
  11.17602180
  12.51702188
  10.84033636
  11.56818694
  11.06158154
  10.95758440
  10.64341853
  12.18173145
  10.72593653
  10.87187924
  12.79437125
  11.41182048
  11.62158734
  11.23664691
  10.88980366
  11.00035436
  11.03307583
  10.73601454
  10.84714156
  11.10378154
  11.25939849
  11.66456870
  10.99079540
  11.24186469
  11.40488031
  11.22025380
  11.23149861
  10.58289211
  10.90093262
  11.12743006
  10.75466731
  11.58098791
  11.12387876
  11.14742580
  11.03950588
  11.69299675
  10.86019173
  11.31470037
  11.04215950
  10.83557426
  10.99306459
  10.98538256
  11.68784079
  10.97487308
  11.15742245
  13.57233224
  11.03952333
  11.51475778
  11.56059535
  10.90663254
  11.15846859
  11.19405469
  11.15940646
  10.73349992
  11.17796256
  10.95542410
  11.39704053
  10.94064514
  11.34183586
  10.82567527
  10.58677605
  13.48949374
  10.72537128
  10.90812453
  10.89859273
  10.88457264
  10.69611560
  11.69943667
  11.18195255
  10.76590704
  11.44698196
  11.93862196
  11.06595655
  12.41454043
  11.32541469
  11.38554064
  10.74501846
  10.73316136
  10.77528938
  11.21647797
  12.06638993
  10.67914376
  10.73676865
  11.29608186
  10.74927105
  11.03625902
  10.88667160
  12.30846137
  11.24385528
  11.36671181
  10.75497690
  11.14755140
  11.22915569
  10.86968030
  12.18128816
  11.41195163
  11.27820034
  11.26466052
  11.24155552
  11.65995486
  12.88717742
  11.59367164
  11.02859814
  10.80273506
  10.75336180
  11.55638169
  10.76509845
  11.06004393
  10.98794410
  11.43988286
  11.22888041
  10.73342223
  11.46585540
  11.24892423
  11.14417079
  10.93672320
  11.50870323
  11.51249604
  10.72983602
  10.99533472
  11.35933110
  11.05084645
  11.22014374
  12.12379022
  10.79632173
  11.08695649
  10.97849238
  10.70204346
  10.90268165
  11.62099418
  10.81486047
  15.86298544
  11.59993095
  11.12688520
  11.68564756
  11.84461806
  11.29853132
  11.84874475
  10.71245281
  11.06841145
  11.68537144
  10.72326985
  11.00393204
  11.22819573
  12.66598865
  10.73770127
  10.99775207
  10.64978915
  11.83633904
  10.91659122
  12.22564718
  11.04294177
  11.36852678
  10.86237278
  12.15427604
  11.54004278
  19.86262798
  11.31397128
  11.66807471
  11.22392975
  10.80424783
  11.35271606
  10.93782952
  13.41321921
  10.96375752
  11.56192833
  11.22995152
  11.32395001
  10.73981069
  11.55798502
  11.24924173
  10.65461930
  11.05855531
  10.69507942
  11.07703556
  11.23398885
  10.85094155
  11.95943568
  11.64928144
  10.76028329
  11.48707019
  11.66850882
  11.04352309
  11.54780572
  11.10691209
  10.84649225
  11.52136810
  11.23556956
  11.94614965
  10.90352563
  11.16577211
  12.27633142
  11.18870067
  11.66594794
  11.35767367
  10.97936515
  10.85725273
  11.33892125
  11.55161236
  12.21958910
  10.65353187
  12.94798687
  11.32546991
  11.22077718
  11.68527823
  12.33141923
  11.40934885
  10.99432840
  14.34680049
  12.09638674
  11.00247901
  10.83524402
  10.80052320
  10.85966569
  10.66076774
  11.50743908
  12.21441012
  11.66416331
  11.71138572
  10.93027936
  11.02166873
  11.83616107
  10.97797339
  11.82002352
  11.13051159
  11.43760683
  11.40446799
  10.84536825
  11.04112446
  12.33120497
  10.86443116
  10.68822597
  11.28343712
  11.91048919
  10.89585494
  10.83612886
  10.61917400
  11.17158025
  10.89473549
  11.68755147
  10.66967136
  11.37572700
  10.71908210
  11.34948748
  10.75174495
  11.07957578
  10.80830434
  10.81194860
  13.67910151
  11.55890564
  11.60120994
  11.84424762
  11.76264634
  11.25977148
  11.77303098
  11.24094262
  11.09857259
  10.85636267
  11.68046301
  10.94814117
  11.09872019
  11.24776425
  11.39976297
  10.73264184
  11.42316693
  11.12419109
  11.04089254
  11.50149021
  11.61345899
  11.47703913
  10.65896016
  11.05982260
  10.60439305
  11.01271250
  10.71642824
  11.45054289
  12.13438500
  11.06874218
  11.08944023
  11.06434537
  11.17092646
  11.18528312
  13.19234191
  11.23626448
  10.95599852
  11.11213395
  11.02773637
  13.57162730
  11.17022514
  12.66925595
  11.27654027
  11.37828686
  11.33412560
  11.59410957
  10.67284068
  13.00831447
  11.19825996
  11.06022676
  10.76031582
  10.85548036
  10.76147365
  10.99729135
  10.97638568
  10.69908396
  11.18498785
  11.72889343
  10.78327343
  10.72540217
  10.84116500
  11.37491148
  10.99118665
  10.83938914
  11.36990396
  11.98786526
  11.11273348
  12.47376721
  11.06815802
  11.15810101
  11.45355458
  10.95091252
  10.84950153
  11.04166613
  11.43181017
  10.84984059
  11.54564717
  11.13920546
  10.85216741
  11.19429819
  11.38267212
  10.88177953
  13.00122329
  11.76101608
  11.41553934
  10.75407168
  11.33858429
  10.66586279
  11.31092750
  10.96126261
  11.63672803
  10.65407889
  11.30588056
  10.80319607
  10.82827292
  11.04446695
  10.76892022
  11.98524326
  12.03825537
  12.33886326
  10.88050042
  10.68525112
  10.78898980
  10.95585885
  11.43706606
  10.92100880
  11.77596651
  10.66913467
  11.76779117
  11.55549528
  11.28256168
  10.68894083
  10.95608180
  10.98173400
  10.92227571
  11.17455038
  11.00464905
  11.27485382
  11.42846391
  11.23499071
  10.92539330
  11.90399412
  10.69968962
  11.86584341
  10.85231786
  11.26007683
  10.93471296
  11.01466274
  10.76930265
  11.09292333
  10.96151864
  11.29757643
  10.74755843
  11.35060066
  10.86873796
  12.35152597
  10.86671122
  11.39285110
  10.75895624
  11.31371831
  10.71142299
  11.41856769
  11.01245582
  11.22230559
  12.09486285
  11.61984768
  10.63060596
  11.29421845
  11.59678266
  10.95633473
  10.74820535
  11.60416793
  11.12325559
  11.74359814
  10.77143821
  11.23641988
  10.78317081
  12.09571593
  11.03252796
  11.82899769
  10.82196064
  10.84770738
  12.64136838
  11.68526007
  13.04844766
  10.67058092
  10.86659682
  10.78697179
  11.08812249
  11.29511926
  11.02171878
  10.72356223
  10.91141034
  11.61370573
  11.22271723
  11.16051655
  10.69770386
  11.04273297
  11.75991700
  11.25867508
  11.04719322
  10.73719524
  11.74578434
  11.08949297
  11.10770043
  12.47439802
  10.89247924
  11.07281105
  11.32376870
  10.91860346
  11.12168554
  10.99677745
  10.65094170
  10.91185161
  11.07298040
  11.23697762
  11.11962007
  10.87892130
  10.85467400
  10.79202669
  11.04095070
  11.10492699
  11.15273941
  10.97227178
  10.98161483
  11.12973695
  11.43009193
  10.85573247
  10.97002609
  11.84577107
  11.47244123
  11.45413252
  10.66701260
  12.28322340
  10.88440396
  10.84051133
  10.92068559
  10.85903106
  10.79250278
  11.27254168
  11.20464268
  13.35607135
  11.11856659
  11.09484768
  11.05765912
  10.79634999
  10.81713656
  11.59769664
  11.92620096
  10.94629639
  13.28734451
  10.86246894
  11.74396946
  10.90414994
  11.28824651
  10.86482333
  11.05550479
  11.19486459
  11.14623033
  12.17986541
  11.25167596
  12.06912824
  11.04178300
  11.36319260
  11.03288723
  10.84612548
  10.92745007
  10.83444022
  11.69515884
  11.42939194
  11.29037141
  11.20829961
  11.02453234
  11.04866412
  10.95303762
  11.18449369
  11.72523442
  13.34862788
  10.69563649
  10.88922121
  11.11892423
  12.68982335
  11.00874072
  11.14874715
  11.92112831
  10.78508001
  11.40928117
  10.81009724
  10.63476193
  10.89410315
  11.08847550
  11.73080182
  10.88171409
  12.67895423
  12.34684960
  11.14291111
  11.36734123
  11.39869067
  10.83211243
  10.77441037
  11.24031865
  11.45052567
  12.18043092
  11.89615828
  11.38867138
  11.27418841
  10.82759157
  11.17708834
  12.27726327
  11.67394268
  11.06697203
  11.32883905
  11.31950499
  11.14439703
  10.78799805
  11.18289007
  11.19959690
  11.28906427
  11.62207059
  10.91598165
  11.79256773
  11.54923172
  12.77759106
  11.45894815
  10.68790655
  10.88803345
  10.66129015
  11.15061497
  10.67953307
  11.71523234
  12.86453366
  10.83942057
  11.32608333
  10.70828876
  10.99825219
  11.96141778
  11.16969956
  12.39974507
  11.67616930
  10.73125900
  13.09641005
  10.92251340
  11.93139645
  10.82432825
  11.21771267
  12.05303265
  11.77961735
  10.78750379
  10.96286682
  10.83441970
  11.56515159
  11.23024044
  11.21761093
  11.03177007
  11.05492687
  11.35778584
  10.74350598
  12.87171330
  11.26186537
  10.79213289
  11.17671847
  11.15195799
  12.01276519
  11.53111838
  11.08142611
  13.31543887
  11.21259500
  10.78711835
  10.86380934
  12.78048620
  11.04741853
  13.39244904
  11.49337562
  10.72808135
  10.73677862
  10.98712361
  10.90742322
  11.24341718
  10.78122286
  11.03547407
  11.07331663
  10.76981384
  11.29643486
  10.70973788
  10.89646165
  11.11602766
  16.62923946
  11.53313607
  11.12577188
  11.33593188
  10.98900689
  10.99096313
  10.68519577
  13.17991108
  10.97877940
  10.95876185
  12.02485226
  10.59628935
  11.54198320
  11.43490823
  10.55516874
  11.09586740
  10.68352168
  11.22052134
  10.73293297
  10.78889540
  11.35980184
  10.76283531
  14.52556029
  12.16184214
  10.76314179
  11.04451191
  11.30243732
  11.43928032
  10.86484636
  10.65052910
  11.00107830
  11.09681222
  12.77066058
  10.83038995
  12.00450075
  12.25207221
  11.48322545
  11.06075048
  10.99222510
  10.90646551
  11.51726859
  12.31405772
  12.44486671
  10.79766985
  12.27237916
  10.59905522
  11.21070595
  10.80890326
  10.65929742
  11.11049555
  10.63127757
  10.72153418
  10.69552454
  11.11738623
  10.71727998
  11.51886532
  11.08756619
  11.36346976
  11.57956676
  11.39589087
  10.98766844
  17.63040304
  11.29357528
  11.42754793
  14.34393699
  10.91796112
  11.19211456
  10.53895959
  10.76357313
  10.91863159
  10.92415515
  11.81530136
  10.99096268
  10.87180985
  11.21453779
  10.92333986
  10.79153912
  10.65576376
  10.87547212
  11.38430578
  11.08831931
  12.01923789
  10.79255990
  10.64649503
  10.77688133
  11.27753798
  11.14800365
  10.76560280
  12.16827506
  11.37556795
  10.73233530
  10.87059896
  12.71086021
  10.99821150
  11.44489247
  10.83077059
  11.02877140
  12.03389769
  10.91007679
  11.61314302
  10.70086219
  10.88705286
  11.49834853
  11.53391550
  11.33115286
  11.94349181
  11.52404411
  12.68217193
  12.02344540
  11.09823635
  11.93707404
  11.19076735
  13.28746302
  10.77522334
  11.43926146
  11.26422454
  10.68592313
  13.59939835
  14.33617992
  11.01869704
  11.21105705
  10.99157642
  11.01493465
  11.31527570
  10.85733472
  11.63386842
  11.15068904
  10.75463559
  11.01483575
  11.82237135
  11.00643479
  12.34179708
  12.13858462
  10.82432774
  11.67871618
  10.64964661
  10.92148002
  11.14755949
  11.67291725
  11.54650358
  10.88717939
  11.26479483
  11.00679396
  19.26215436
  10.83167751
  10.60901831
  11.33042750
  10.89173532
  10.57010777
  11.55195138
  10.77808150
  10.76246457
  11.22827611
  10.76845234
  11.08235372
  10.84333416
  13.73131387
  10.60738582
  10.90934408
  11.30895692
  10.52409578
  10.92477737
  11.37940428
  11.65082701
  10.64875921
  11.41345020
  11.05848462
  11.26506573
  10.75456410
  12.03580111
  10.87411147
  11.01501323
  10.85988785
  11.79139344
  11.40629719
  10.87466967
  11.00251205
  13.05794118
  11.16045894
  11.22294632
  11.15134214
  10.76755454
  11.07550262
  11.86239827
  11.23132804
  11.36751105
  10.78055703
  11.05579569
  10.62907180
  10.95924796
  11.02743328
  11.45703348
  10.86671860
  11.35600139
  11.72186251
  11.35713086
  11.11602952
  11.07907450
  11.23680113
  10.87880687
  10.92702124
  10.89506851
  11.84807195
  10.87422348
  11.96942374
  10.86195287
  12.03781736
  11.07536585
  11.07089753
  11.02460107
  10.76366192
  11.15563075
  11.65300894
  10.81153669
  10.72784790
  10.93302823
  12.94379460
  11.36627509
  11.97984159
  11.37805512
  11.41067338
  11.12943446
  11.18297126
  12.19759569
  10.91960180
  10.87356738
  11.36268168
  11.11148736
  11.38314912
  11.03981592
  10.86356864
  12.55337602
  11.11301022
  11.10466043
  11.14246919
  11.07385531
  11.02206826
  10.83345899
  10.65948068
  11.62592485
  10.84129693
  12.13371977
  10.87065844
  10.72808619
  11.20281090
  10.80655489
  10.85408198
  12.97187440
  11.42684108
  11.05196008
  10.78929782
  11.08492759
  10.68035296
  10.64654113
  11.07915119
  11.24677520
  11.46427862
  11.06761539
  12.70558175
  11.00397703
  13.26781823
  10.77054754
  10.99752899
  11.94338298
  10.96129948
  11.34630521
  10.95294313
  11.10004416
  10.65049637
  11.90652379
  11.49575800
  10.91243370
  11.60420528
  10.82330420
  11.24912933
  10.73843532
  10.66173036
  11.71828028
  11.08484760
  11.29932067
  11.20191719
  12.08807591
  10.74278977
  11.28922221
  11.04663968
  11.61997752
  11.07333537
  10.77749247
  10.72550499
  11.63442773
  11.41664667
  11.29787940
  10.81781440
  11.11818007
  11.16058760
  11.59545529
  10.79292199
  11.23874840
  11.51807571
  10.88562960
  11.19521693
  10.71207955
  12.14331076
  10.98727283
  10.60860007
  10.82922560
  11.47673637
  10.86129263
  11.25065277
  10.64047314
  10.69350869
  11.22500139
  10.86345012
  11.84581310
  11.24468556
  11.32727016
  11.08350179
  11.11624989
  10.90582368
  10.66244303
  11.45093787
  10.97758477
  13.27676503
  11.13277695
  11.33041307
  13.39472122
  10.89070141
  10.93268469
  11.16180373
  11.79059977
  14.51275556
  12.26766479
  11.34883358
  11.39970370
  11.30223928
  11.03634753
  10.98051793
  11.48958293
  11.03168808
  10.73317928
  11.55380765
  10.72532774
  11.33665104
  10.92716362
  11.23597092
  10.82669260
  10.97471401
  10.88552111
  10.96354762
  11.41080516
  12.02493081
  10.88250783
  11.53003775
  12.05433841
  10.66549329
  11.00370645
  10.64856122
  10.96467707
  11.89215680
  11.28082755
  10.79555750
  10.94347718
  12.02097852
  11.27813610
  10.94596767
  11.81448100
  11.17476722
  11.19846422
  10.78422678
  11.33689951
  11.06989402
  12.89900817
