  4.53160528
  6.09213323
  5.66991702
  8.24360049
  5.67403451
  3.82725884
  5.94216756
  8.19306049
  8.93396199
  2.03111378
  4.84358215
  7.99124061
  6.38317678
  6.48423107
  0.68720703
  1.39898928
  6.71085509
  10.59172397
  5.41905739
  7.03602947
  1.56294997
  3.76067684
  4.30327227
  3.73800577
  4.23148253
  3.12324505
  7.60739819
  10.19630608
  1.43355742
  2.33934440
  0.54682078
  12.16467176
  8.64172647
  1.53191553
  -1.07867914
  5.58712931
  6.00788842
  3.88767132
  3.58547364
  9.90523984
  11.39181568
  -0.48120905
  9.42367564
  3.08149605
  2.97870735
  6.36535329
  15.81688671
  2.19698364
  5.11154241
  -7.16905126
  10.50303628
  2.75904881
  3.11515791
  -2.16238060
  2.12203600
  6.13888821
  8.23532982
  -0.66043200
  4.46900276
  8.85351631
  0.91785067
  15.44099573
  4.22122019
  1.22195829
  8.07432487
  3.72194897
  5.61406588
  5.42607567
  7.78184654
  2.81319705
  4.41681781
  5.17508323
  1.66092432
  3.91647402
  7.57045291
  2.45480981
  -1.68860482
  4.65193970
  0.01262921
  1.58140743
  7.64260290
  4.51267921
  0.56228817
  11.44475215
  5.57167356
  3.21161415
  3.46072690
  3.07311040
  2.05551258
  4.93425654
  10.83563956
  6.09347934
  3.88795306
  5.95360584
  7.30227891
  1.79376643
  7.55275411
  10.03701109
  1.80536593
  1.91562211
  4.17571100
  7.55873794
  9.81293876
  8.78947329
  5.13120135
  1.27488924
  3.60902592
  8.01839653
  1.17284008
  4.58154689
  1.09343454
  5.23656780
  6.06351336
  4.10552374
  5.24776702
  4.43071660
  2.76775653
  7.62226474
  1.28241885
  3.96118655
  0.82930067
  2.05142039
  1.88755625
  5.07308763
  7.98316856
  3.39633685
  6.94880679
  4.85251967
  6.06220706
  3.63951372
  5.19294730
  5.27104636
  4.31554885
  -0.58966859
  2.42372199
  -0.93271460
  -0.63395132
  6.17574942
  -3.95601046
  -3.63661691
  1.69752117
  7.59260731
  10.22521450
  14.17208580
  5.67556849
  2.08940679
  7.71067498
  1.00037048
  8.54700479
  3.64215452
  -1.35536743
  1.42145553
  7.05031723
  2.85784575
  6.21787802
  5.75606063
  4.24408474
  4.14234927
  0.19833383
  3.47223849
  -1.50880595
  0.00379691
  4.72576277
  1.22062595
  11.61617558
  9.37291252
  3.55374329
  0.22436600
  1.58354745
  2.36454103
  11.35708790
  -3.64097753
  -0.17204029
  2.84142170
  4.56882300
  1.42658560
  6.37373854
  7.65758031
  0.17898386
  8.49469867
  -7.06586290
  7.42769966
  5.95396807
  -0.21865850
  5.42552163
  4.10491700
  3.23395584
  3.98783303
  6.77874818
  1.65919353
  6.22141510
  2.87260553
  6.62511085
  10.50851908
  10.23321579
  4.94118123
  3.15426526
  2.38787859
  3.27961701
  7.56821889
  6.85606125
  14.49170674
  3.45887776
  13.38943450
  6.95597991
  11.87649754
  5.10341067
  4.01934801
  3.97272071
  -3.38770697
  -2.58096923
  6.69019273
  8.34569922
  6.33840948
  4.73431201
  9.00134283
  0.43705788
  -0.71250556
  4.36998542
  4.77857335
  1.58956469
  5.88716993
  11.72777635
  4.11287184
  1.80995489
  8.89746991
  9.73511180
  7.71900631
  6.37117307
  1.68679555
  -0.98146450
  6.31123438
  7.47567840
  2.81521453
  3.96998859
  6.46196002
  9.84277660
  0.93983887
  12.23003453
  4.76982602
  1.53330923
  11.47773762
  13.07245618
  5.91123690
  13.04055550
  1.55725652
  10.03685896
  2.07847583
  8.76231051
  5.36698043
  5.16327371
  5.75632316
  6.45993542
  2.40607494
  0.19060627
  4.45552782
  4.81670190
  0.07863712
  3.60125607
  7.61792358
  4.78575547
  5.28958810
  3.36843994
  2.03007814
  3.72041445
  -1.95753563
  6.48742175
  3.40686250
  6.84804077
  5.30528240
  7.12141092
  6.27185213
  1.03762084
  9.28630644
  4.35876055
  9.89229835
  5.19604192
  5.07702204
  4.14040280
  7.00679432
  8.57730948
  6.27942392
  6.41333273
  2.39488511
  -4.37671540
  8.76679653
  4.96321352
  1.38416859
  5.83310443
  5.35162417
  2.92913803
  3.05376612
  3.57809654
  6.04543900
  6.06805945
  2.33041529
  1.82543404
  6.36870766
  5.28458814
  0.18534538
  -1.17716860
  0.34438881
  0.99176575
  5.15690216
  5.44251927
  -1.73723307
  4.35366969
  6.00949761
  6.21703967
  3.57913828
  0.52175690
  4.14362761
  8.54745763
  7.00116537
  2.17165339
  4.33729513
  8.46781635
  3.79206087
  8.57687292
  3.91922972
  1.73931820
  4.91405496
  2.71824289
  8.92512304
  7.77113453
  8.79976712
  9.66282622
  -0.34441079
  8.36605392
  -2.69137656
  4.89709199
  2.63562584
  5.44446703
  1.33495643
  2.97680460
  4.16378960
  3.01994454
  3.89288604
  6.92276312
  3.96986981
  -1.62315570
  3.93577866
  7.44001156
  10.86012007
  2.21323674
  3.82506418
  4.77522123
  4.39962595
  9.83254650
  4.14342541
  7.79712192
  7.44604197
  0.28637929
  2.23688291
  7.33858074
  2.86200493
  4.21572035
  -1.41191148
  -1.23481297
  1.68393712
  3.12562575
  3.80566135
  5.21775245
  8.04098435
  7.85440635
  6.31659471
  3.97219769
  2.80092243
  2.03536048
  8.24032409
  3.05364614
  3.15699482
  4.16903474
  8.46496884
  2.24129836
  3.96715571
  13.96519651
  3.77878523
  7.00200908
  3.22784029
  3.99631601
  0.99175895
  2.32592402
  8.78214590
  8.99094882
  8.48512145
  2.45421062
  7.85844692
  3.05310030
  6.83600914
  4.16962509
  2.75911228
  8.29417512
  6.15954570
  8.07492859
  4.16230837
  1.90356812
  5.73836783
  3.23575079
  11.66368445
  7.87777816
  -5.06920409
  0.71051876
  7.99705557
  -1.63756917
  3.62825814
  5.95037992
  -6.16855194
  9.82719595
  6.24025638
  4.17763859
  5.59734340
  10.55264734
  -0.35377978
  14.79992526
  2.66743745
  1.33947466
  3.72354583
  6.79722710
  5.16302407
  6.54575275
  18.82876007
  6.36106187
  6.14881130
  2.92596059
  4.41600983
  2.59911588
  5.95382522
  1.98549082
  5.86559855
  0.75474210
  4.26480082
  6.75131562
  6.08008479
  7.13255748
  2.79422123
  9.67574918
  9.31678938
  7.99120438
  2.59432256
  2.43494474
  6.44662565
  6.00579911
  7.09122535
  5.21977074
  -4.99165441
  5.02227243
  -1.92164318
  11.92595418
  6.71496298
  1.35811312
  4.53140836
  6.81149968
  5.36638408
  4.85152148
  9.67026166
  5.54118774
  -0.78301592
  8.72490120
  4.97809399
  3.50212254
  -5.03762127
  5.40145267
  0.89964173
  12.10253828
  4.67193679
  3.79471106
  -0.41510843
  5.36326583
  1.05346305
  8.69068949
  9.67444997
  11.28556058
  -2.55268585
  13.99175752
  -1.13418014
  8.78829724
  4.89928659
  1.04797388
  4.79815873
  2.30300865
  1.11993786
  0.88464818
  4.83623590
  6.66486243
  1.13112988
  10.69717281
  9.90967579
  4.15442509
  15.07932782
  3.99729216
  7.31372927
  6.51451336
  12.09006882
  2.79689293
  4.10472892
  4.91620739
  4.53402948
  -1.47745131
  5.77823381
  2.92592836
  -4.39059944
  6.09553607
  3.80886433
  1.42120413
  4.08837629
  5.84045104
  5.45969952
  7.53539855
  -0.47242648
  2.64615013
  3.95108189
  2.42737471
  9.63095235
  5.32659349
  10.47542042
  2.03983822
  7.43461843
  4.46479832
  3.49415743
  -2.46103818
  9.58364687
  -0.07585656
  2.48234458
  11.11963796
  6.70341366
  7.66133238
  5.72241114
  2.71486302
  3.92071249
  4.22016278
  0.15370936
  2.13921223
  4.80296274
  5.86234084
  7.83666258
  3.82906219
  5.75488922
  6.66823879
  5.61881162
  5.69013326
  -5.08583172
  2.85308848
  4.98143049
  0.55211646
  7.48991125
  4.95509634
  5.12679195
  4.27659147
  7.94938533
  2.32362954
  6.18547252
  4.29966159
  1.96892494
  3.85100024
  3.77626535
  7.92912503
  3.67182357
  5.19768190
  12.61733658
  4.27674356
  7.19691918
  7.40153397
  2.92217610
  5.20503434
  5.44806772
  5.21161531
  0.09741754
  5.33982902
  3.47142007
  6.62818775
  3.31248290
  6.33607003
  1.81773467
  -4.88526983
  12.47495892
  -0.08905136
  2.94007557
  2.82439770
  2.64830554
  -0.82313500
  7.97457873
  5.36691544
  0.77710037
  6.87773557
  8.83304213
  4.50112780
  10.21759434
  6.24552293
  6.56881702
  0.35012263
  0.08978951
  0.95698671
  5.59460495
  9.24041349
  -1.30088142
  0.17046591
  6.07921854
  0.44019666
  4.24819172
  2.67513710
  9.93764768
  5.76721797
  6.46996190
  0.55845857
  5.12768978
  5.67536661
  2.45292812
  9.58236800
  6.70407584
  5.97479249
  5.89409479
  5.75297131
  7.81813006
  11.31998144
  7.54409878
  4.18041818
  1.44610187
  0.52527887
  7.38307486
  0.76126816
  4.45195623
  3.80133316
  6.84304865
  5.67362838
  0.09566826
  6.96875349
  5.79846076
  5.10345828
  3.26927733
  7.16924346
  7.18659896
  0.01423315
  3.87283363
  6.43063554
  4.37431791
  5.61810789
  9.41391443
  1.33642960
  4.67132470
  3.70808529
  -0.66578267
  2.87440825
  7.65886964
  1.64639874
  15.60698971
  7.57062473
  4.97740056
  7.92048234
  8.51219478
  6.09333886
  8.52669539
  -0.40040377
  4.52137796
  7.91939319
  -0.13841223
  3.95450823
  5.66930219
  10.83044307
  0.19111022
  3.89595901
  -2.23680587
  8.48298245
  3.04024034
  9.70889592
  4.30643857
  6.47958211
  2.35369634
  9.50387261
  7.31083882
  18.73147352
  6.18135760
  7.85070024
  5.64225237
  1.47158617
  6.39510523
  3.28150994
  12.34073445
  3.55846046
  7.40735913
  5.68038793
  6.23735987
  0.23748541
  7.39010681
  5.80041048
  -2.07215145
  4.43948619
  -0.85112491
  4.59176416
  5.70577515
  2.19372805
  8.90154177
  7.77499656
  0.66586852
  7.06905469
  7.85243568
  4.31146773
  7.34529141
  4.82701677
  2.12982815
  7.22695773
  5.71567581
  8.85791765
  2.88465760
  5.25602298
  9.85001176
  5.41234970
  7.84218953
  6.42175861
  3.71678294
  2.28277898
  6.32012737
  7.36209813
  9.69178596
  -2.10882878
  11.44757593
  6.24583044
  5.62215666
  7.91902550
  9.99943304
  6.69091659
  3.86316912
  13.80445236
  9.33177096
  3.94081522
  1.96396432
  1.40857842
  2.31634618
  -1.86893070
  7.16344516
  9.67711679
  7.83503696
  8.02099847
  3.19731257
  4.11816545
  8.48235270
  3.70290467
  8.42493387
  5.00415203
  6.83187434
  6.66614079
  2.11353534
  4.29067799
  9.99885957
  2.38188072
  -1.04001986
  6.00562323
  8.73903687
  2.79057979
  1.97724309
  -3.39559234
  5.29615211
  2.77667394
  7.92798577
  -1.58663345
  6.51755325
  -0.23824483
  6.37766520
  0.49183087
  4.61227682
  1.53921603
  1.59911217
  12.79589729
  7.39414000
  7.57602762
  8.51089114
  8.21551831
  5.86459901
  8.25404951
  5.74916689
  4.76263824
  2.27033087
  7.89999358
  3.39384777
  4.76378614
  5.79133026
  6.64213433
  0.07806094
  6.76036568
  4.95741884
  4.28866249
  7.13606637
  7.62747875
  7.02188786
  -1.92795303
  4.45010453
  -4.03712810
  4.03631979
  -0.30254397
  6.89504063
  9.44534529
  4.52409879
  4.69101348
  4.48778480
  5.29165325
  5.38939831
  11.93371227
  5.72002142
  3.47747791
  4.86684288
  4.17272598
  12.61613943
  5.28682227
  10.83798713
  5.96497524
  6.53097927
  6.29377575
  7.54595925
  -1.48940569
  11.57143644
  5.47592103
  4.45348526
  0.66651965
  2.25795565
  0.68963275
  3.89156134
  3.68701636
  -0.74375717
  5.38740972
  8.08826357
  1.10475226
  -0.08832946
  2.05206071
  6.51326795
  3.83285289
  2.02582452
  6.48686864
  8.99371449
  4.87139190
  10.36803172
  4.51929188
  5.20245236
  6.90962809
  3.42353498
  2.17314981
  4.29538178
  6.80329687
  2.17800384
  7.33573568
  5.06762118
  2.21116915
  5.44968529
  6.55389038
  2.61233645
  11.55701402
  8.20944332
  6.72215525
  0.53989074
  6.31828072
  -1.70570407
  6.16413894
  3.53259031
  7.72379086
  -2.09035049
  6.13544538
  1.45388344
  1.85791623
  4.31962050
  0.83563116
  8.98527944
  9.15331035
  10.01932093
  2.59576244
  -1.12410708
  1.20770162
  3.47600582
  6.82921555
  3.09157427
  8.26488992
  -1.60326345
  8.23464344
  7.37918294
  6.00048374
  -1.02000534
  3.47835554
  3.74029964
  3.10618177
  5.31653201
  3.96124886
  5.95498026
  6.78672171
  5.71205276
  3.14191372
  8.71709602
  -0.72770572
  8.58635634
  2.21330492
  5.86644689
  3.24695867
  4.05427765
  0.84300786
  4.71847268
  3.53525250
  6.08783939
  0.40412386
  6.38368574
  2.44025978
  10.05298965
  2.41288599
  6.60664528
  0.63923423
  6.17992902
  -0.42606118
  6.73736248
  4.03395058
  5.63191062
  9.32716656
  7.65410604
  -2.93802911
  6.06844730
  7.55730036
  3.48101957
  0.41778159
  7.58850085
  4.95045874
  8.14408859
  0.88398693
  5.72099266
  1.10288277
  9.32974461
  4.21531979
  8.45694223
  1.75963069
  2.14737334
  10.77327312
  7.91895384
  11.65239204
  -1.55855960
  2.41133572
  1.17162241
  4.68057898
  6.07365752
  4.11861844
  -0.13151546
  2.97923050
  7.62850974
  5.63453399
  5.21939200
  -0.78051551
  4.30463069
  8.20534371
  5.85795790
  4.34308172
  0.17991960
  8.15233700
  4.69143057
  4.83305291
  10.36961259
  2.74850782
  4.55743065
  6.23634838
  3.06370077
  4.93875231
  3.88665066
  -2.19710576
  2.98446138
  4.55881234
  5.72447666
  4.92330355
  2.57521193
  2.24661452
  1.26146424
  4.28916800
  4.81177956
  5.16461619
  3.64556669
  3.73911972
  4.99845148
  6.79479305
  2.26149539
  3.62276650
  8.51625030
  7.00011367
  6.91242235
  -1.66949563
  9.86892651
  2.64614186
  2.04242192
  3.08783951
  2.30754306
  1.26983535
  5.94124117
  5.51786442
  12.23811306
  4.91540273
  4.73356821
  4.43196129
  1.33691861
  1.68301357
  7.56117224
  8.79174161
  3.37396933
  12.11226547
  2.35501718
  8.14549051
  2.89222343
  6.03375503
  2.38722949
  4.41381750
  5.45344568
  5.11823670
  9.57826140
  5.81533078
  9.24881705
  4.29639599
  6.45125190
  4.21849621
  2.12451835
  3.16532248
  1.95186666
  7.95785741
  6.79132434
  6.04612926
  5.54171798
  4.14400300
  4.35568598
  3.44615843
  5.38407964
  8.07427808
  12.22461322
  -0.83605882
  2.70750344
  4.91808659
  10.88524901
  3.99950953
  5.13622853
  8.77478244
  1.13753908
  6.69057391
  1.56878419
  -2.77933966
  2.76879887
  4.68337678
  8.09554283
  2.61148998
  10.86032153
  10.04057931
  5.09439448
  6.47330033
  6.63664601
  1.91664209
  0.94042570
  5.74529038
  6.89495709
  9.57989404
  8.69050484
  6.58505432
  5.95103054
  1.84741220
  5.33387198
  9.85257295
  7.87410853
  4.50951604
  6.26455181
  6.21249771
  5.10508410
  1.19000624
  5.37325573
  5.48473950
  6.03852122
  7.66333789
  3.03310759
  8.32577398
  7.35159403
  11.08265729
  6.93564232
  -1.04898651
  2.69245593
  -1.85198258
  5.14953295
  -1.28944285
  8.03585295
  11.27173858
  2.02629022
  6.24924466
  -0.50494291
  3.90072752
  8.90801958
  5.28319833
  10.17937773
  7.88296275
  0.04670623
  11.74768173
  3.10891669
  8.80905579
  1.79675312
  5.60253507
  9.19923421
  8.27834039
  1.18116148
  3.54924293
  1.95155738
  7.42141671
  5.68220950
  5.60188217
  4.20861118
  4.40893703
  6.42235992
  0.31767786
  11.28707864
  5.87725511
  1.26333289
  5.33134918
  5.15907426
  9.07316703
  7.27093161
  4.62715679
  12.16403773
  5.56957339
  1.17425228
  2.37338592
  11.08905471
  4.34501484
  12.30364490
  7.09847047
  -0.02610378
  0.17068698
  3.79331992
  2.93167135
  5.76450751
  1.06725106
  4.24129724
  4.56155421
  0.85284979
  6.08125615
  -0.46832201
  2.79809721
  4.89630164
  16.34550705
  7.27998248
  4.96915445
  6.30371866
  3.81169026
  3.83068770
  -1.12568409
  11.90993919
  3.71094758
  3.50649862
  9.11131786
  -4.41522407
  7.31947315
  6.81859150
  -6.68259600
  4.74154596
  -1.17359247
  5.62052188
  0.08463677
  1.20602031
  6.43315368
  0.71667066
  14.04764960
  9.52597234
  0.72273484
  4.32000849
  6.11576594
  6.84009298
  2.38754342
  -2.21128802
  3.92757294
  4.74892451
  11.06731392
  1.89039376
  9.04692580
  9.78291657
  7.05103060
  4.45786220
  3.84289755
  2.92016756
  7.20835048
  9.95277201
  10.29512537
  1.35970578
  9.83913586
  -4.28395238
  5.55734451
  1.54911508
  -1.91689576
  4.85438677
  -2.91211771
  -0.17955021
  -0.83908323
  4.90653303
  -0.28181888
  7.21560626
  4.67616624
  6.45272815
  7.48380296
  6.62228586
  3.79864269
  17.19059267
  6.06472365
  6.78217447
  13.80047435
  3.05622595
  5.43515799
  -7.77164616
  0.73125667
  3.06402784
  3.12775897
  8.40801248
  3.83068326
  2.48141938
  5.58211519
  3.11841251
  1.25287550
  -2.03379245
  2.52997779
  6.56239710
  4.68213912
  9.09363050
  1.27083854
  -2.35172602
  0.98683008
  5.97087798
  5.13092120
  0.77114954
  9.54469256
  6.51671780
  0.07112744
  2.46524211
  10.93318896
  3.90033978
  6.86755214
  1.89620777
  4.18196302
  9.13969324
  2.96338310
  7.62615813
  -0.69676781
  2.67999264
  7.12154496
  7.28347433
  6.27736521
  8.84914792
  7.23906584
  10.86771242
  9.10689116
  4.76002223
  8.82791259
  5.42617132
  12.11248483
  0.95574463
  6.84000043
  5.89147234
  -1.10499859
  12.66311770
  13.78968471
  4.09118452
  5.55961992
  3.83662581
  4.05677532
  6.18871704
  2.28392388
  7.71205350
  5.15005975
  0.55146618
  4.05586705
  8.43332681
  3.97798979
  10.02713968
  9.45775434
  1.79674515
  7.89307172
  -2.24173392
  3.09701340
  5.12774765
  7.87002565
  7.33952914
  2.68160299
  5.89490242
  3.98134892
  18.35436138
  1.91002938
  -3.82994360
  6.27335212
  2.73917986
  -5.78433769
  7.36359214
  1.00920216
  0.70932434
  5.66981029
  0.82659054
  4.63459700
  2.08389424
  12.88128233
  -3.90237747
  2.95465049
  6.15295685
  -8.89113829
  3.13487826
  6.53682788
  7.78126530
  -2.27250414
  6.71163587
  4.43889313
  5.89653085
  0.55000024
  9.14564536
  2.51200105
  4.05749688
  2.31942362
  8.32149067
  6.67544121
  2.51938502
  3.94112709
  11.67137795
  5.21898874
  5.63599331
  5.15470165
  0.80919365
  4.57933755
  8.57438962
  5.68905982
  6.47420070
  1.05500828
  4.41627201
  -2.99761119
  3.51158321
  4.17001720
  6.92642356
  2.41298599
  6.41278503
  8.06135621
  6.41884775
  4.89631565
  4.60823673
  5.72337451
  2.57371890
  3.16045255
  2.78081557
  8.52433396
  2.51348378
  8.93410500
  2.34792401
  9.15194318
  4.57822707
  4.54178772
  4.14462122
  0.73300894
  5.18506073
  7.79010189
  1.59238234
  -0.03149494
  3.22816242
  11.43886930
  6.46764410
  8.96786033
  6.52976542
  6.69761778
  4.99622341
  5.37380435
  9.62922065
  3.07529208
  2.50479135
  6.44852930
  4.86193136
  6.55637577
  4.27929332
  2.37009308
  10.56412806
  4.87349011
  4.80972941
  5.09121025
  4.56594331
  4.12177987
  1.93705309
  -1.91089591
  7.67930478
  2.05400342
  9.44337709
  2.46603817
  -0.02599190
  5.50586763
  1.51017458
  2.23826907
  11.49693767
  6.77866250
  4.38379418
  1.21318356
  4.65517401
  -1.26543034
  -2.35010269
  4.60885503
  5.78524157
  6.96121492
  4.51482188
  10.92119782
  3.95493151
  12.07601019
  0.86693965
  3.89383026
  8.84878854
  3.53297377
  6.36041119
  3.44515505
  4.77406868
  -2.21241466
  8.72565218
  7.10953846
  2.99135153
  7.58865814
  1.78073507
  5.79972035
  0.20729800
  -1.83773913
  8.04759272
  4.65453600
  6.09787995
  5.50000267
  9.30661269
  0.30223805
  6.03944116
  4.33832869
  7.65464574
  4.56170702
  0.99823569
  -0.08592692
  7.71435135
  6.72772149
  6.08958500
  1.69385959
  4.91250028
  5.21988927
  7.55167195
  1.27719341
  5.73552017
  7.21201952
  2.66183803
  5.45578328
  -0.40968858
  9.47168563
  3.79477838
  -3.84842983
  1.87256106
  7.02045708
  2.33883219
  5.80906531
  -2.56753406
  -0.89383564
  5.64906288
  2.36847080
  8.51639808
  5.77235033
  6.25584335
  4.64378757
  4.89797697
  2.91244041
  -1.81475375
  6.89695628
  3.69902125
  12.09265005
  5.02077991
  6.27327226
  12.30771383
  2.72618174
  3.22431929
  5.22839199
  8.31859367
  14.03055673
  9.82613486
  6.37412502
  6.64183112
  6.11463153
  4.24896845
  3.72824354
  7.08079836
  4.20788477
  0.09019336
  7.37176462
  -0.09006909
  6.30767148
  3.16207004
  5.71818619
  1.83351499
  3.67022260
  2.66045096
  3.55629013
  6.69828395
  9.11156491
  2.62174457
  7.26607732
  9.20327355
  -1.71738834
  3.95238524
  -2.27939083
  3.56795547
  8.67687419
  5.99028586
  1.32318122
  3.34340820
  9.09912033
  5.97441298
  3.37041728
  8.40506721
  5.31801623
  5.47726948
  1.12208334
  6.30903639
  4.53356104
  11.34502744
