  1.08119378
  0.83358283
  0.89435469
  0.58239866
  0.89374115
  1.21586634
  0.85468019
  0.58732512
  0.51909917
  1.64019374
  1.02641243
  0.60741678
  0.79411304
  0.78085028
  2.05196696
  1.82242577
  0.75190709
  0.39378351
  0.93254031
  0.71224150
  1.77329903
  1.22943395
  1.12313209
  1.23408817
  1.13665103
  1.36723779
  0.64754540
  0.42060925
  1.81195631
  1.55806178
  2.10054437
  0.30297289
  0.54500821
  1.78249502
  2.75416191
  0.90678048
  0.84536956
  1.20368552
  1.26586337
  0.44151646
  0.34462355
  2.49311976
  0.47841378
  1.37678443
  1.40057394
  0.79647552
  0.16483432
  1.59547164
  0.98158133
  7.60020491
  0.39964736
  1.45279875
  1.36908187
  3.29936525
  1.61552611
  0.82711238
  0.58320202
  2.56871387
  1.09253375
  0.52610592
  1.97458494
  0.17549127
  1.13859681
  1.87699786
  0.59906362
  1.23739518
  0.90271868
  0.93145014
  0.62898926
  1.43974665
  1.10207750
  0.97124110
  1.74457786
  1.19792113
  0.65154500
  1.52836474
  3.04885915
  1.05972565
  2.29613773
  1.76785231
  0.64375709
  1.08460963
  2.09513636
  0.34159640
  0.90911932
  1.34724842
  1.29245759
  1.37870998
  1.63353749
  1.01101749
  0.37809621
  0.83339584
  1.20362900
  0.85305240
  0.68132684
  1.70637675
  0.65346976
  0.43192563
  1.70308108
  1.67207101
  1.14726575
  0.65281838
  0.44836105
  0.53175157
  0.97837046
  1.86051214
  1.26090411
  0.60467383
  1.89242672
  1.07223171
  1.91763804
  0.96133920
  0.83756850
  1.16076512
  0.95954650
  1.09952753
  1.45069185
  0.64594293
  1.85817878
  1.18902730
  2.00394263
  1.63465199
  1.67991068
  0.98789262
  0.60823451
  1.30640252
  0.72267106
  1.02488463
  0.83775087
  1.25451333
  0.96835368
  0.95583078
  1.12083640
  2.53859666
  1.53630421
  2.68796867
  2.55740197
  0.82204657
  4.44895132
  4.21831666
  1.73396924
  0.64914367
  0.41858760
  0.21682147
  0.89351268
  1.62433560
  0.63649472
  1.94761378
  0.55368050
  1.25396130
  2.88414330
  1.81561468
  0.71054746
  1.42907261
  0.81629484
  0.88160594
  1.13426615
  1.15366264
  2.22615904
  1.28998026
  2.95885092
  2.29952025
  1.04676683
  1.87741471
  0.33197490
  0.48247858
  1.27257548
  2.21652134
  1.76722189
  1.55153251
  0.34662400
  4.22138352
  2.36790765
  1.43298983
  1.07450795
  1.81406297
  0.79536319
  0.64215212
  2.23334998
  0.55852842
  7.47061369
  0.66723257
  0.85300090
  2.38637724
  0.93153616
  1.16088251
  1.34224112
  1.18375844
  0.74344683
  1.74508118
  0.81581376
  1.42556146
  0.76272952
  0.39928233
  0.41802977
  1.00985134
  1.36018736
  1.54550941
  1.33206517
  0.65178764
  0.73392859
  0.20557361
  1.29285598
  0.24703158
  0.72180760
  0.31787949
  0.98291256
  1.17755705
  1.18674375
  4.04690002
  3.53776394
  0.75450091
  0.57257214
  0.80006025
  1.04527638
  0.51330223
  2.13932499
  2.59110457
  1.11071331
  1.03759387
  1.76545048
  0.86255044
  0.32585719
  1.15934442
  1.70177902
  0.52226596
  0.45421469
  0.63561152
  0.79570334
  1.73707166
  2.70989733
  0.80369208
  0.66191835
  1.43926262
  1.18728426
  0.78375406
  0.44613690
  1.96736193
  0.29969027
  1.03910766
  1.78208102
  0.33972360
  0.26043307
  0.85909754
  0.26182143
  1.77498253
  0.43193659
  1.62729755
  0.53416433
  0.94066952
  0.97315463
  0.88156736
  0.78401857
  1.54082940
  2.22902801
  1.09499014
  1.03102111
  2.27101563
  1.26253801
  0.64641046
  1.03635259
  0.95288154
  1.31249076
  1.64047688
  1.23771168
  3.18862335
  0.78043515
  1.30411274
  0.73491032
  0.95039233
  0.70217790
  0.80898463
  1.93555968
  0.48949335
  1.11279319
  0.44246980
  0.96785436
  0.98724504
  1.15403696
  0.71572038
  0.55089104
  0.80796437
  0.79013185
  1.54370569
  4.77209733
  0.53376510
  1.00614991
  1.82693293
  0.87035793
  0.94308013
  1.41219278
  1.38316218
  1.26742072
  0.84009539
  0.83693413
  1.56038219
  1.69739433
  0.79603037
  0.95367593
  2.23098331
  2.79974432
  2.17262301
  1.95040890
  0.97418860
  0.92890091
  3.07366967
  1.11373777
  0.84514286
  0.81640890
  1.26720069
  2.10933736
  1.15341687
  0.55363872
  0.71639215
  1.60222150
  1.11678142
  0.56103646
  1.22301997
  0.55093112
  1.19737107
  1.72193209
  1.01442726
  1.46271288
  0.51986445
  0.63011322
  0.53084005
  0.45971999
  2.43692045
  0.57063301
  3.60346576
  1.01729926
  1.48299303
  0.92859941
  1.84197911
  1.40101817
  1.14954752
  1.39098099
  1.20263982
  0.72581471
  1.18730777
  3.01578235
  1.19407308
  0.66586483
  0.37655669
  1.59115560
  1.21631116
  1.03817372
  1.10523982
  0.44689822
  1.15345574
  0.62738996
  0.66519592
  2.19373035
  1.58489715
  0.67721705
  1.42808232
  1.13964097
  2.91145197
  2.82677220
  1.73789941
  1.36669540
  1.22025084
  0.96435859
  0.60240173
  0.62142852
  0.80297440
  1.18684721
  1.44269505
  1.63903325
  0.58271678
  1.38318984
  1.35956872
  1.14854303
  0.56130278
  1.58373124
  1.18784497
  0.22442821
  1.22572903
  0.71629142
  1.34360991
  1.18208599
  1.95041111
  1.56155064
  0.53240135
  0.51419221
  0.55942066
  1.52851738
  0.62101017
  1.38331568
  0.73638550
  1.14843003
  1.45278338
  0.57751019
  0.82426960
  0.59900334
  1.14983134
  1.67543357
  0.88420945
  1.34183964
  0.32935665
  0.61901257
  5.35591031
  2.04400995
  0.60682838
  3.02303571
  1.25686892
  0.85351117
  6.43289920
  0.44729692
  0.81325595
  1.14689723
  0.90523814
  0.39635650
  2.44072867
  0.19528000
  1.47515110
  1.84059255
  1.23706589
  0.74116067
  0.97319512
  0.77288465
  0.09977942
  0.79704539
  0.82574559
  1.41294084
  1.10222592
  1.49204454
  0.85302121
  1.65271303
  0.86565708
  2.02899984
  1.13035664
  0.74685372
  0.83525841
  0.70087463
  1.44430725
  0.45873089
  0.48701279
  0.60742045
  1.49323699
  1.53343330
  0.78575969
  0.84566398
  0.70571941
  0.96403425
  5.28713090
  0.99629481
  3.16960571
  0.31527005
  0.75139247
  1.83488378
  1.08122927
  0.73939972
  0.94076302
  1.02505515
  0.45915063
  0.91375028
  2.62173415
  0.53750519
  1.00365767
  1.28357126
  5.32779192
  0.93528052
  1.98058656
  0.30612665
  1.05619962
  1.22247989
  2.46580437
  0.94125207
  1.93045583
  0.54057877
  0.45883024
  0.35078091
  3.52112653
  0.22343689
  2.77975657
  0.53185580
  1.01692724
  1.93222274
  1.03421244
  1.56752597
  1.90918610
  1.98554209
  1.02766991
  0.75769294
  1.90562814
  0.38692330
  0.44119016
  1.15134307
  0.18639486
  1.18189369
  0.68002784
  0.77691922
  0.30676352
  1.44366427
  1.16091890
  1.01406341
  1.08075703
  2.94342897
  0.87835395
  1.41294843
  4.78315278
  0.83311021
  1.21959960
  1.81569076
  1.16408723
  0.86929289
  0.92624492
  0.65536272
  2.48947310
  1.48039406
  1.19103144
  1.53536921
  0.46216866
  0.94702267
  0.40149104
  1.63781051
  0.66646361
  1.09329960
  1.28527636
  3.46775137
  0.46582691
  2.33025125
  1.52136694
  0.36061670
  0.75284021
  0.64175068
  0.88656409
  1.46353708
  1.19707520
  1.13879749
  2.24277762
  1.61090795
  1.03338471
  0.86612722
  0.62326898
  1.21550096
  0.88177808
  0.75726668
  0.90200495
  0.89134635
  5.37077358
  1.43020614
  1.00309971
  2.09869122
  0.66035005
  1.00751202
  0.97908972
  1.12813755
  0.61166886
  1.56214792
  0.82071550
  1.12380817
  1.65728244
  1.21106478
  1.22624392
  0.61373778
  1.24777596
  0.96758986
  0.28095631
  1.12810895
  0.69339657
  0.67014869
  1.41383233
  0.96640489
  0.92804231
  0.96534549
  2.26391831
  0.94493591
  1.29015623
  0.76233848
  1.32478853
  0.80037226
  1.69957387
  5.19421222
  0.28770303
  2.33538142
  1.40962081
  1.43706147
  1.47986235
  2.63932315
  0.60910591
  0.94067971
  2.02145309
  0.73128214
  0.52790425
  1.08669977
  0.41911956
  0.81254242
  0.76991935
  2.17054777
  2.26679835
  1.96174728
  0.90565139
  0.49325175
  2.85807095
  2.23652282
  0.83537901
  2.13820614
  1.13349001
  1.47325929
  0.43913812
  0.87996807
  0.78270951
  2.09647404
  0.97894323
  0.89354275
  1.52884413
  0.46592621
  0.75275713
  0.85004549
  0.86155550
  0.88205998
  0.62519708
  0.34877431
  0.65441311
  1.14636603
  1.80817194
  2.10809955
  0.67221359
  2.02679415
  1.09564215
  1.22113140
  0.73552204
  0.89380165
  2.26457844
  0.72027256
  0.87539787
  0.98290476
  1.33436267
  0.69660233
  0.69459026
  2.29552401
  1.20666585
  0.78785654
  1.10991157
  0.90211075
  0.47919273
  1.84152690
  1.05630737
  1.24025762
  2.57100561
  1.42513321
  0.64201415
  1.74880648
  0.17070274
  0.65152634
  1.00377368
  0.61462248
  0.55690211
  0.83341535
  0.55555783
  2.45976864
  1.08303831
  0.61473406
  2.35467341
  1.19035148
  0.89444634
  0.37842381
  2.22884080
  1.20202403
  3.34054615
  0.55962012
  1.38628376
  0.45620364
  1.12253955
  0.78145554
  1.55433936
  0.47206177
  0.68035551
  0.10141047
  0.82127856
  0.62181248
  0.89848788
  1.80050822
  0.79253585
  1.33164499
  0.29421169
  1.27157538
  0.66949839
  0.89279527
  0.81364865
  2.21168005
  0.67142623
  0.87511345
  3.25011997
  1.09792163
  2.65166431
  1.07040738
  0.88902565
  1.59633758
  0.52191165
  0.62970777
  2.05927761
  0.70833194
  0.62163266
  1.12159904
  0.67646004
  1.02925016
  1.61342940
  0.68993380
  0.88755987
  0.52572013
  1.42270084
  0.95822708
  0.44559924
  0.93358343
  0.62269512
  0.78902303
  1.23846104
  1.57281997
  0.80250176
  0.67456785
  0.45750644
  3.27004843
  0.34143567
  0.81250078
  0.90150222
  0.61477173
  0.43463928
  0.75440989
  1.20861106
  0.23052206
  0.48579827
  1.19307117
  1.65865320
  1.81951551
  1.56404535
  3.14188137
  0.69727584
  0.45862634
  0.62343787
  0.60441167
  1.35046355
  1.15832202
  0.55967886
  1.24132897
  0.56506059
  0.99930824
  0.73689314
  0.75753152
  1.61781657
  1.12549207
  0.43468082
  1.54705514
  2.73647331
  0.84568877
  0.53624035
  1.44518408
  1.65498644
  4.05222207
  0.95183966
  1.44853738
  0.61385433
  2.99748092
  0.77652570
  2.39418003
  0.79484284
  2.11988432
  1.06675415
  1.78032749
  1.76264344
  0.27271821
  0.67097505
  0.65093992
  0.55702313
  0.58513089
  0.86580131
  0.58138529
  0.88261945
  1.04035322
  1.57608647
  0.61672487
  1.30694459
  1.04015421
  0.87643882
  0.76056853
  2.27123373
  0.74572806
  1.00712210
  1.12587020
  0.70046487
  0.64538185
  0.71392218
  3.17294075
  1.09598033
  4.50950782
  1.17423089
  2.41997529
  0.72917603
  0.47668905
  1.08254729
  1.05284682
  1.08911909
  0.95255362
  0.93716144
  0.31486267
  0.88691727
  1.28885430
  1.02244095
  1.14783666
  0.28101237
  0.95332089
  0.37794830
  0.85143748
  0.77479003
  0.80603405
  0.65421022
  2.94929929
  0.33445953
  0.92374412
  1.09536297
  2.05905414
  1.57934056
  2.05113755
  1.20290538
  1.24462043
  2.60463581
  0.93747210
  0.59767354
  1.91402424
  2.33510045
  1.63447756
  0.77708050
  1.21473327
  1.64164028
  0.78050710
  0.51395525
  1.02166606
  0.40874166
  1.08341492
  0.96682085
  0.72740538
  1.30049397
  1.60182195
  1.12461007
  0.74041127
  1.60052659
  0.67753824
  0.98879307
  1.59170400
  0.92779215
  0.77183712
  1.48876055
  0.33526445
  0.58572363
  0.75049231
  2.10297192
  0.80274879
  3.05756041
  0.82363883
  1.27706986
  0.63510487
  3.25999311
  0.82758712
  1.80582839
  1.68822998
  1.12007605
  2.00182942
  0.51467830
  0.50046461
  0.43320099
  1.49287869
  2.77509370
  1.88146312
  1.28917055
  0.73721975
  1.37447378
  0.58033583
  3.00580046
  0.58326874
  0.67264977
  0.84641348
  2.72736031
  1.28866579
  1.23361645
  1.37113158
  0.94861208
  1.18901495
  0.85285701
  0.74245950
  0.88809598
  1.36299031
  0.53820486
  2.59767709
  0.55006102
  1.59113752
  0.86553470
  1.33933545
  1.17072169
  1.99936978
  1.04803944
  1.27650335
  0.83417959
  2.15110004
  0.79404568
  1.53207553
  0.43077691
  1.53908128
  0.76508051
  2.06843916
  0.82147413
  2.47030971
  0.74859257
  1.17469464
  0.90003787
  0.48617121
  0.64252407
  3.75468672
  0.83688003
  0.65297481
  1.28809374
  2.14620908
  0.64958810
  1.00829106
  0.59213847
  1.98576092
  0.88677371
  1.91462071
  0.48596236
  1.13971706
  0.56205417
  1.71611249
  1.60871830
  0.38204679
  0.61477907
  0.32997710
  2.98348854
  1.53947900
  1.89281082
  1.05467940
  0.83615363
  1.15823457
  2.35196836
  1.40045183
  0.64527096
  0.89964444
  0.96409510
  2.62064180
  1.12287783
  0.58612397
  0.86676015
  1.11570487
  2.23300170
  0.59132500
  1.05277363
  1.02821523
  0.40863398
  1.45535331
  1.07655008
  0.81378582
  1.38087387
  1.01026023
  1.20389029
  3.31851578
  1.39923142
  1.07630220
  0.88625894
  1.01286479
  1.49800069
  1.58232863
  1.86467969
  1.12577535
  1.03186730
  0.97293692
  1.25324838
  1.23385907
  1.00025812
  0.74146140
  1.57840909
  1.25801983
  0.55652582
  0.71651774
  0.72706670
  3.03916439
  0.44419672
  1.48039610
  1.63710540
  1.37532960
  1.56634178
  1.86207993
  0.85481216
  0.91730914
  0.29928704
  1.01419941
  1.04540597
  1.09929946
  1.84137682
  1.73816693
  0.65255357
  0.53155057
  1.31128177
  0.30563076
  1.55399723
  0.59200013
  1.42090799
  0.84173293
  1.54567661
  1.10262873
  0.92721086
  0.98048678
  0.46624522
  0.87293999
  0.49256139
  1.12441999
  0.78515407
  1.13911385
  1.61485786
  1.35768302
  1.66200088
  0.61080578
  0.74189018
  0.83999875
  0.91366954
  1.15334471
  1.11336356
  1.29559959
  0.93799255
  0.59906829
  0.29996118
  2.64501430
  1.46533335
  1.01374585
  0.37498291
  1.18145699
  0.97755106
  0.53305514
  1.90359364
  0.75445298
  1.77157557
  3.65668358
  1.45043985
  1.05418772
  0.59694888
  1.48897059
  0.37654404
  0.43166884
  0.98439069
  0.78227413
  0.76126456
  1.67178679
  1.96716952
  0.88318988
  0.72918618
  0.46611837
  0.54059541
  0.76783860
  0.85341862
  1.69118810
  0.94587455
  0.44540907
  0.61939128
  1.08518158
  0.80996954
  0.81702715
  0.98263846
  1.88702018
  0.93968620
  0.92238745
  0.84106455
  0.64153621
  1.38793274
  0.57447674
  0.67574983
  0.36284620
  0.72425839
  2.74056586
  1.46901290
  3.13301906
  0.97538584
  2.85262743
  0.60291715
  0.35158993
  1.64151287
  0.81203857
  2.50300118
  1.20106910
  0.52134848
  0.95389687
  0.42179763
  0.61847792
  2.28313377
  0.32477793
  1.37050674
  0.53001889
  1.70552756
  0.90445519
  0.49664869
  0.57903633
  1.88980394
  1.27353035
  1.66208655
  0.66793164
  0.89252426
  0.90455362
  1.14099209
  1.10352599
  0.78894396
  2.18231671
  0.35069217
  0.86397695
  1.86409905
  0.94627234
  0.97383599
  0.50719427
  0.68489578
  1.06411188
  0.30300490
  0.90943760
  1.89198136
  1.54924701
  0.36245953
  1.11534547
  0.29603602
  0.70486775
  2.31100839
  2.23644042
  1.22276336
  1.41159665
  0.88036567
  1.92602474
  1.13479323
  1.07581047
  1.99609286
  0.83509536
  2.48777068
  1.44337453
  1.01743328
  0.15093321
  0.68386341
  1.00515416
  0.80469944
  1.21902532
  1.21517170
  2.77582319
  0.31611268
  1.23966610
  1.28263544
  0.50397952
  4.80282368
  0.67937715
  0.73852629
  7.00832924
  1.04401690
  2.79807611
  0.90174788
  2.26874588
  1.88199041
  0.78752596
  2.04191526
  0.22136517
  0.47032623
  2.03985255
  1.12000362
  0.83030598
  0.73588445
  1.54559574
  3.32636906
  1.19570724
  1.04273380
  0.36377527
  1.67911641
  0.50941736
  0.45061013
  0.71046298
  1.09456421
  1.21270137
  1.41430570
  0.69207675
  0.43803257
  0.41373860
  1.83439679
  0.44640769
  4.69888571
  0.91129305
  1.77739265
  3.16709879
  1.02456576
  3.73850682
  2.37087330
  2.64634790
  1.01569980
  2.41163067
  0.69124033
  1.05545536
  0.78496091
  0.66102266
  0.76308872
  1.22167909
  0.13110386
  0.83739957
  0.74302241
  0.23067494
  1.38259524
  0.93004126
  8.40315889
  2.03695739
  1.38079860
  1.36620958
  0.56665644
  1.21517260
  1.52160156
  0.90753858
  1.36833944
  1.86735082
  3.22940769
  1.50933683
  0.77074360
  1.05440520
  0.50546739
  1.86176863
  3.40514550
  1.95201399
  0.85060026
  0.97841614
  2.02345897
  0.46886108
  0.77663383
  2.27385985
  1.52570965
  0.37199873
  1.20114672
  0.73252435
  1.67749013
  1.14607092
  0.50160171
  1.40415563
  0.64552391
  2.58431712
  1.47206753
  0.70216221
  0.68346553
  0.80824164
  0.52648910
  0.68854291
  0.37608050
  0.50435149
  1.04080692
  0.52835576
  0.93143530
  0.30561958
  1.96215343
  0.73589581
  0.86193215
  2.76626979
  0.27882072
  0.23109013
  1.16354252
  0.91094752
  1.21396966
  1.17023445
  0.82027182
  1.57251988
  0.63634850
  0.97530020
  2.09891869
  1.17041161
  0.56427072
  1.18570204
  0.43263684
  0.47570419
  1.70552982
  0.61743677
  3.34329101
  1.37322836
  0.97893378
  0.61981291
  0.67711001
  1.47167249
  0.86143954
  1.18503840
  0.10798889
  1.67363031
  4.35644896
  0.80878242
  1.45761765
  6.03387615
  0.67439990
  1.94474911
  2.04441689
  0.89437060
  2.00484799
  1.06279316
  1.62582865
  0.26886468
  4.40936011
  1.40620078
  0.82517526
  10.12684395
  1.36458946
  0.77403516
  0.62905020
  3.36048068
  0.75180925
  1.09803016
  0.86120577
  2.09943157
  0.50110436
  1.51386577
  1.17009373
  1.56324335
  0.57488700
  0.75635820
  1.51200386
  1.19300916
  0.32893460
  0.96415990
  0.89942565
  0.97454595
  2.01066945
  1.07262660
  0.55115919
  0.89150583
  0.78215675
  1.92995873
  1.10217775
  3.79215781
  1.28154895
  1.14835498
  0.72537204
  1.53905563
  0.79020397
  0.60035986
  0.78940591
  1.01743090
  1.06747269
  0.88642176
  1.49837350
  1.35878544
  1.44753784
  0.55577653
  1.51349171
  0.51908680
  1.55583544
  0.50057866
  1.07282514
  1.07936048
  1.15322588
  2.03636260
  0.96962735
  0.62812444
  1.76462160
  2.31308583
  1.34353777
  0.34193149
  0.78301193
  0.51617467
  0.77494680
  0.75356779
  1.00062963
  0.93960028
  0.46230207
  1.37820876
  1.51568595
  0.78551042
  1.02327825
  0.77151747
  1.12762966
  1.55009748
  0.39559881
  1.02130884
  1.03221994
  0.98491325
  1.07502378
  1.15762445
  1.66610931
  3.16393335
  0.63983126
  1.63394842
  0.47684545
  1.52550724
  2.31096530
  0.91914511
  1.78896559
  1.58453104
  0.33863822
  0.74345745
  1.10815999
  1.87974490
  1.05915455
  2.84123379
  3.40422434
  1.06736269
  0.87732867
  0.72117810
  1.08422237
  0.37274293
  1.19026751
  0.30748314
  1.99141092
  1.20245058
  0.52652063
  1.27698824
  0.79713184
  1.29581627
  1.03837316
  3.32699372
  0.53743792
  0.70356871
  1.39762553
  0.64957107
  1.71008684
  0.87521411
  2.22283558
  3.12559038
  0.60173862
  1.05926718
  0.83278482
  0.92004400
  0.48783952
  2.18793970
  0.84093560
  1.11658905
  0.64246627
  1.07578307
  1.94830686
  2.33416561
  0.63610484
  0.74979640
  0.83393693
  1.73502774
  1.01469014
  0.96401521
  0.65358763
  1.85979779
  0.88462921
  0.69165367
  1.47652841
  0.92684968
  2.46357800
  0.47460095
  1.22246617
  4.36989205
  1.68411436
  0.71409245
  1.55819480
  0.87385203
  3.52985106
  2.67060741
  0.89746860
  1.55051665
  0.55651211
  0.87921567
  0.81114599
  1.06116646
  1.01714923
  1.41612830
  3.11363948
  0.72894326
  1.24213266
  0.30663157
  0.99654267
  0.80879318
  0.29583533
  1.46077879
  1.34439861
  0.96265005
  0.57516464
  0.22199669
  0.44737603
  0.79531196
  0.76060697
  0.83046298
  1.13334329
  1.23609771
  0.70694690
  1.14113023
  2.26664577
  0.67348194
  2.33577759
  0.80416947
  1.35841918
  0.88718859
  1.69510977
  1.24810895
  1.47686979
  1.27203542
  0.75348413
  0.50395877
  1.48642797
  0.68545012
  0.49631445
  3.06352043
  1.19077274
  3.36433999
  1.26956470
  0.54182491
  0.84785331
  1.84559761
  1.31797785
  0.50500511
  0.85009926
  1.31205829
  0.56693467
  0.94837745
  0.92353654
  1.90850353
  0.80398656
  1.08084142
  0.34732144
