  2.91905742
  3.21761312
  3.12469187
  3.89443170
  3.12554241
  2.78834952
  3.18326956
  3.87418651
  4.19439916
  2.43518259
  2.97359660
  3.79558890
  3.28863577
  3.31468219
  2.18399111
  2.31397795
  3.37577007
  5.11158643
  3.07486181
  3.47008500
  2.34497077
  2.77556853
  2.87771449
  2.77120346
  2.86449317
  2.65092097
  3.65577615
  4.86543142
  2.32048291
  2.49564401
  2.15933380
  6.28754331
  4.06199715
  2.33907789
  1.90077269
  3.10781664
  3.19813534
  2.79989369
  2.74167603
  4.69566056
  5.66819291
  1.98986820
  4.43498874
  2.64266073
  2.62229899
  3.28411695
  10.64463794
  2.46763721
  3.01893868
  1.33129787
  5.05477951
  2.57872476
  2.64932142
  1.75677609
  2.45294663
  3.22862976
  3.89110308
  1.96240735
  2.90783470
  4.15713832
  2.22523362
  10.06173652
  2.86259502
  2.28092430
  3.82751328
  2.76810800
  3.11326023
  3.07620346
  3.71777185
  2.58946896
  2.89841328
  3.03004236
  2.36365168
  2.80537907
  3.64297159
  2.51844101
  1.81698864
  2.94037608
  2.06877278
  2.34848118
  3.66808260
  2.91567386
  2.16203351
  5.70794850
  3.10471359
  2.66838035
  2.71734534
  2.64100082
  2.43994295
  2.98898317
  5.27272496
  3.21792822
  2.79994741
  3.18583626
  3.55336857
  2.38915830
  3.63687740
  4.77134837
  2.39139464
  2.41272024
  2.85415364
  3.63893492
  4.64377830
  4.12791937
  3.02234940
  2.29076046
  2.74625234
  3.80595722
  2.27183341
  2.92794644
  2.25721346
  3.04100796
  3.21094257
  2.84106055
  3.04302895
  2.90092833
  2.58045251
  3.66096048
  2.29216297
  2.81386976
  2.20929424
  2.43914419
  2.40728031
  3.01233041
  3.79251926
  2.70473212
  3.44399997
  2.97512293
  3.21063942
  2.75216740
  3.03320582
  3.04725335
  2.87996523
  1.97317462
  2.51229706
  1.92189332
  1.96642511
  3.23742010
  1.56426223
  1.59472784
  2.37065877
  3.65063637
  4.88281310
  8.34602678
  3.12585955
  2.44656404
  3.69217111
  2.24020244
  4.02081107
  2.75267926
  1.86187595
  2.31820378
  3.47441371
  2.59832804
  3.24758054
  3.14271039
  2.86682135
  2.84794120
  2.09965473
  2.71959664
  1.84094372
  2.06732028
  2.95328251
  2.28067724
  5.83930741
  4.40892753
  2.73550161
  2.10403561
  2.34888846
  2.50061319
  5.64231688
  1.59430144
  2.03871428
  2.59506933
  2.92568722
  2.31916968
  3.28624009
  3.67334946
  2.09640659
  3.99842426
  1.33703131
  3.59454871
  3.18591769
  2.03123007
  3.07609744
  2.84094698
  2.67278829
  2.81891510
  3.39480496
  2.36332068
  3.24843916
  2.60125639
  3.35221694
  5.05826423
  4.88764086
  2.99014914
  2.65705387
  2.50521863
  2.68178823
  3.64220094
  3.41689986
  8.74411049
  2.71698360
  7.45803250
  3.44612319
  6.04662470
  3.01753429
  2.82486766
  2.81605505
  1.61955940
  1.70698693
  3.37004484
  3.93602730
  3.27732831
  2.95476844
  4.22609123
  2.14029823
  1.95454664
  2.88990844
  2.96243195
  2.35003394
  3.17104867
  5.92701152
  2.84243541
  2.39227977
  4.17741937
  4.60074869
  3.69514592
  3.28558999
  2.36860358
  1.91479302
  3.27053299
  3.61063780
  2.58986928
  2.81553760
  3.30887940
  4.66044873
  2.22921149
  6.34390897
  2.96092136
  2.33934227
  5.73291247
  7.13091544
  3.17637207
  7.09897246
  2.34388878
  4.77125988
  2.44442771
  4.11564484
  3.06499908
  3.02796117
  3.14276603
  3.30835364
  2.50881134
  2.09835672
  2.90540764
  2.96899346
  2.07967497
  2.74474328
  3.65944472
  2.96367077
  3.05064077
  2.69925721
  2.43498064
  2.76781201
  1.78229807
  3.31551644
  2.70679628
  3.41458686
  3.05352380
  3.49618788
  3.26077673
  2.24699510
  4.36507271
  2.88786313
  4.68833020
  3.03375571
  3.01300268
  2.84757811
  3.46127679
  4.03389711
  3.26264412
  3.29633239
  2.50660182
  1.52642685
  4.11766718
  2.99385020
  2.31119397
  3.15922789
  3.06212180
  2.61247037
  2.63717074
  2.74024144
  3.20675832
  3.21199845
  2.49388386
  2.39526703
  3.28496568
  3.04972533
  2.09747368
  1.88675657
  2.12439660
  2.23863647
  3.02684163
  3.07935857
  1.81061522
  2.88693466
  3.19850293
  3.24737716
  2.74044405
  2.15496812
  2.84817961
  4.02100599
  3.45958840
  2.46266767
  2.88394462
  3.98701674
  2.78160029
  4.03370799
  2.80590324
  2.37868015
  2.98557423
  2.57062892
  4.19027457
  3.71389140
  4.13258939
  4.56136417
  2.01125165
  3.94443219
  1.69437113
  2.98270329
  2.55424392
  3.07973338
  2.30197139
  2.62192180
  2.85193603
  2.63047142
  2.80088772
  3.43632412
  2.81551510
  1.82563738
  2.80904866
  3.59865953
  5.28930132
  2.47082823
  2.78792918
  2.96185330
  2.89529660
  4.65472228
  2.84814190
  3.72332217
  3.60067750
  2.11452244
  2.47547389
  3.56515786
  2.59915324
  2.86157694
  1.85410946
  1.87864072
  2.36805608
  2.65139180
  2.78421017
  3.03762903
  3.81463024
  3.74431282
  3.27186928
  2.81595600
  2.58703337
  2.43601079
  3.89311234
  2.63714699
  2.65759332
  2.85291205
  3.98581228
  2.47634178
  2.81500095
  8.09964230
  2.77905038
  3.45984132
  2.67158198
  2.82051894
  2.23863524
  2.49299868
  4.12460130
  4.22117363
  3.99435255
  2.51832255
  3.74580394
  2.63703889
  3.41112618
  2.85302187
  2.57873736
  3.91491905
  3.23354455
  3.82774746
  2.85166031
  2.41038292
  3.13897107
  2.67314231
  5.87643036
  3.75295718
  1.46946243
  2.18811874
  3.79780371
  1.82372574
  2.74998484
  3.18511150
  1.39122247
  4.65173176
  3.25302739
  2.85451197
  3.10987548
  5.08644110
  2.00977550
  9.14897446
  2.56055168
  2.30281672
  2.76841599
  3.40004522
  3.02791726
  3.33089689
  16.91436933
  3.28303229
  3.23098701
  2.61184019
  2.89826694
  2.54700711
  3.18588558
  2.42629492
  3.16630950
  2.19597460
  2.87064185
  3.38707258
  3.21479820
  3.49963745
  2.58570369
  4.56836433
  4.38042138
  3.79557511
  2.54605723
  2.51451456
  3.30490459
  3.19765833
  3.48689486
  3.03799050
  1.47552907
  3.00372587
  1.78684977
  6.08710517
  3.37691206
  2.30630689
  2.91902226
  3.40411013
  3.06488708
  2.97495256
  4.56538966
  3.09863634
  1.94398762
  4.09885467
  2.99634235
  2.72543547
  1.47192391
  3.07150947
  2.22194541
  6.23455919
  2.94388537
  2.78210904
  2.00015501
  3.06430179
  2.24989056
  4.08361550
  4.56765977
  5.58952827
  1.71025300
  8.13079037
  1.89285105
  4.12738648
  2.98307516
  2.24888687
  2.96580707
  2.48848407
  2.26208253
  2.21924191
  2.97234046
  3.36306913
  2.26414190
  5.18035887
  4.69817741
  2.85019223
  9.53467923
  2.82070342
  3.55707579
  3.32262937
  6.22399548
  2.58623382
  2.84091178
  2.98593797
  2.91949023
  1.84518438
  3.14742495
  2.61183380
  1.52522115
  3.21840991
  2.78482444
  2.31815645
  2.83784852
  3.16082297
  3.08267252
  3.63092643
  1.99123005
  2.55633052
  2.81195361
  2.51301874
  4.54417430
  3.05746193
  5.03728175
  2.43688421
  3.59685730
  2.90707784
  2.72388001
  1.72093288
  4.51885987
  2.05428836
  2.52388609
  5.46966906
  3.37370453
  3.67467181
  3.13561580
  2.56995842
  2.80618524
  2.86239933
  2.09217451
  2.45630974
  2.96663342
  3.16559643
  3.73778117
  2.78869486
  3.14246220
  3.36399622
  3.11422399
  3.12887816
  1.46817158
  2.59738416
  2.99690030
  2.16025764
  3.61544665
  2.99248819
  3.02158248
  2.87281257
  3.77973336
  2.49254650
  3.23975427
  2.87705195
  2.42307232
  2.79289238
  2.77856612
  3.77211270
  2.75842464
  3.03404734
  6.69145540
  2.87284055
  3.51974591
  3.58585302
  2.61108960
  3.03535671
  3.08042687
  3.03653135
  2.08279193
  3.05992130
  2.71943662
  3.35305280
  2.68825824
  3.27674128
  2.39378085
  1.48397653
  6.56095346
  2.05214132
  2.61463946
  2.59169143
  2.55675789
  1.93802327
  3.78925893
  3.06498687
  2.19995900
  3.42317472
  4.14775451
  2.91360473
  4.87822211
  3.25431429
  3.33704610
  2.12537595
  2.08152511
  2.23231912
  3.10932286
  4.34214213
  1.86941814
  2.09497897
  3.21459620
  2.14083956
  2.86757943
  2.56207866
  4.71409766
  3.14507877
  3.31096023
  2.16136469
  3.02173855
  3.12581781
  2.51806901
  4.51817878
  3.37388817
  3.19061334
  3.17257650
  3.14205603
  3.73098778
  5.61484662
  3.63390652
  2.85502855
  2.32284746
  2.15558091
  3.57975175
  2.19713672
  2.90476366
  2.78337987
  3.41314965
  3.12545847
  2.08250132
  3.44991386
  3.15175325
  3.01754250
  2.67975134
  3.51105939
  3.51649968
  2.06903672
  2.79706317
  3.30077765
  2.89069717
  3.11408099
  4.42995689
  2.30224698
  2.94377809
  2.76543279
  1.96159719
  2.60161404
  3.67380373
  2.36087482
  10.31460584
  3.64303088
  2.99622635
  3.76887261
  4.00588444
  3.21789534
  4.01208874
  2.00245500
  2.91723001
  3.76846475
  2.04413908
  2.81260353
  3.12456496
  5.26921586
  2.09844134
  2.80147331
  1.74769356
  3.99344432
  2.63449199
  4.58640065
  2.87829528
  3.31346796
  2.49847404
  4.47670238
  3.55613898
  16.65866592
  3.23876563
  3.74294635
  3.11900497
  2.32765747
  3.29167255
  2.68216106
  6.44085711
  2.73642017
  3.58778412
  3.12685692
  3.25232044
  2.10624822
  3.58207277
  3.15217186
  1.76792279
  2.90251308
  1.93388082
  2.92975785
  3.13213497
  2.46699824
  4.17930763
  3.71528931
  2.18022108
  3.48011445
  3.74358607
  2.87921735
  3.56734875
  2.97076208
  2.45447206
  3.52924231
  3.13420442
  4.15916081
  2.60364739
  3.04452350
  4.66450557
  3.07358231
  3.73981282
  3.29849443
  2.76711141
  2.48450109
  3.27275105
  3.57285164
  4.57707590
  1.76337377
  5.71007981
  3.25438949
  3.11490414
  3.76832708
  4.74956828
  3.37024488
  2.79521782
  7.91411784
  4.38799944
  2.81000513
  2.42210779
  2.31578081
  2.49111137
  1.79357799
  3.50924711
  4.56910618
  3.73718410
  3.80695402
  2.66555730
  2.84342529
  3.99317700
  2.76443251
  3.96895660
  3.00069248
  3.40993939
  3.36342005
  2.45128302
  2.87540237
  4.74923711
  2.50403475
  1.90632602
  3.19761818
  4.10518351
  2.58498114
  2.42469016
  1.61875775
  3.05184481
  2.58222190
  3.77168523
  1.83049897
  3.32343079
  2.02809818
  3.28723602
  2.14977022
  2.93338709
  2.34046304
  2.35185237
  6.85975526
  3.58340580
  3.64489647
  4.00532760
  3.88315454
  3.16609064
  3.89864574
  3.14125104
  2.95967863
  2.48205141
  3.76121714
  2.70424387
  2.95987719
  3.15022441
  3.35685018
  2.07957945
  3.38961731
  2.99287808
  2.87503206
  3.50072536
  3.66278308
  3.46581608
  1.78604786
  2.90442968
  1.55676781
  2.82806661
  2.01786896
  3.42821014
  4.44619441
  2.91771640
  2.94722403
  2.91121097
  3.05101931
  3.06922479
  6.09348739
  3.13511471
  2.72062091
  2.97756461
  2.85359861
  6.69034457
  3.05013419
  5.27431133
  3.18839609
  3.32697831
  3.26619458
  3.63454459
  1.84356535
  5.80463523
  3.08581800
  2.90503939
  2.18033600
  2.47961702
  2.18442018
  2.80063524
  2.76136278
  1.94985463
  3.06884873
  3.83292812
  2.25929139
  2.05225870
  2.43926917
  3.32230123
  2.78942063
  2.43415129
  3.31537177
  4.22248109
  2.97833895
  4.97009217
  2.91685698
  3.03489654
  3.43247241
  2.71006406
  2.46296113
  2.87626629
  3.40177206
  2.46391314
  3.56423010
  3.01139781
  2.47042219
  3.08073867
  3.33306208
  2.54962727
  5.79351699
  3.88072420
  3.37891452
  2.15812560
  3.27229001
  1.81474245
  3.23464132
  2.73137984
  3.69685693
  1.76566251
  3.22781348
  2.32431528
  2.40154364
  2.88071104
  2.21042946
  4.21849578
  4.29920276
  4.76107567
  2.54634256
  1.89428431
  2.27828198
  2.72033315
  3.40917694
  2.64465536
  3.90302795
  1.82828215
  3.89082711
  3.57846886
  3.19644608
  1.90921255
  2.72079246
  2.77164542
  2.64754573
  3.05559929
  2.81388157
  3.18614526
  3.39706297
  3.13344640
  2.65461239
  4.09536822
  1.95226214
  4.03782021
  2.47084162
  3.16649530
  2.67535242
  2.83144622
  2.21175312
  2.95201398
  2.73189882
  3.21660881
  2.13462898
  3.28876514
  2.51556494
  4.78065710
  2.51015652
  3.34721515
  2.17552647
  3.23842268
  1.99844460
  3.38316111
  2.82762033
  3.11689142
  4.38566799
  3.67212606
  1.66694532
  3.21208860
  3.63844034
  2.72131314
  2.13697763
  3.64921259
  2.99170923
  3.85478576
  2.21912277
  3.13531832
  2.25894801
  4.38697313
  2.86150277
  3.98242113
  2.38258538
  2.45790846
  5.23083071
  3.76830025
  5.86757807
  1.83425325
  2.50985032
  2.27160850
  2.94539896
  3.21330059
  2.84350997
  2.04525434
  2.62240270
  3.66314374
  3.11742693
  3.03792265
  1.94436039
  2.87796369
  3.87908599
  3.16463816
  2.88500190
  2.09656350
  3.85803860
  2.94729693
  2.97179576
  4.97107148
  2.57663333
  2.92366123
  3.25207370
  2.63913791
  2.98974031
  2.79969909
  1.75252586
  2.62343958
  2.92390711
  3.13604921
  2.98713626
  2.54227073
  2.47738688
  2.28826185
  2.87512495
  2.96814849
  3.02819735
  2.75334054
  2.77141809
  2.99974188
  3.39935351
  2.48031324
  2.74891946
  4.00761770
  3.45927322
  3.43329070
  1.81950541
  4.67513821
  2.55632888
  2.43738826
  2.64391624
  2.48937717
  2.28981954
  3.18306206
  3.09402564
  6.35092050
  2.98580200
  2.95463923
  2.90115336
  2.30233846
  2.36787920
  3.63977278
  4.12894758
  2.70034285
  6.24281584
  2.49873454
  3.85533819
  2.60514830
  3.20406514
  2.50509050
  2.89786981
  3.08146412
  3.02009763
  4.51599289
  3.15538339
  4.34632511
  2.87645250
  3.30610199
  2.86209085
  2.45343254
  2.65923892
  2.41975652
  3.78293052
  3.39836854
  3.20691772
  3.09874155
  2.84824962
  2.88730246
  2.71449458
  3.06821951
  3.82749513
  6.33920927
  1.93610866
  2.56849847
  2.98625543
  5.30639440
  2.82112242
  3.02322513
  4.12127204
  2.26532207
  3.37015018
  2.34607992
  1.68447103
  2.58065933
  2.94588858
  3.83576270
  2.54945950
  5.28943804
  4.77342466
  3.01598154
  3.31182972
  3.35535412
  2.41291809
  2.22931776
  3.14043175
  3.42818577
  4.51686172
  4.08353355
  3.34139829
  3.18525762
  2.39951275
  3.05881310
  4.66594303
  3.75159683
  2.91510756
  3.25898007
  3.24627614
  3.01782299
  2.27500649
  3.06617893
  3.08753470
  3.20516265
  3.67537910
  2.63307914
  3.92783602
  3.56940971
  5.44344276
  3.44011355
  1.90503538
  2.56551365
  1.79575226
  3.02554970
  1.87100882
  3.81265604
  5.57940563
  2.43424208
  3.25522487
  1.98619550
  2.80238172
  4.18231491
  3.04947113
  4.85529714
  3.75488110
  2.07439077
  5.94283853
  2.64808680
  4.13681206
  2.38973399
  3.11092444
  4.32174724
  3.90847990
  2.27337103
  2.73462506
  2.41969643
  3.59245563
  3.12723426
  3.11079243
  2.86026010
  2.89698537
  3.29864891
  2.11984227
  5.59064157
  3.16886664
  2.28860948
  3.05834441
  3.02722303
  4.26036193
  3.54327292
  2.93601350
  6.28699972
  3.10429308
  2.27209428
  2.50235832
  5.44796714
  2.88535495
  6.40816543
  3.48911890
  2.06241407
  2.09501600
  2.78184200
  2.61297278
  3.14450269
  2.25241377
  2.86630664
  2.92439490
  2.21352055
  3.21507144
  1.99186702
  2.58647278
  2.98256934
  11.52928186
  3.54617979
  2.99484591
  3.26866275
  2.78536630
  2.78900611
  1.89405979
  6.07395804
  2.76598531
  2.72628979
  4.27877206
  1.52308932
  3.55893940
  3.40613559
  1.35920212
  2.95602433
  1.88726218
  3.11457165
  2.08067000
  2.27797056
  3.30142636
  2.18920956
  8.19679702
  4.48831462
  2.19028547
  2.88078209
  3.22316304
  3.41229960
  2.50515247
  1.75079631
  2.80748953
  2.95730397
  5.43261305
  2.40782995
  4.24778227
  4.62710209
  3.47463025
  2.90582838
  2.79134283
  2.61069123
  3.52335142
  4.72274152
  4.92524347
  2.30660535
  4.65840947
  1.53455180
  3.10184998
  2.34234228
  1.78745361
  2.97544152
  1.66977782
  2.03750577
  1.93566108
  2.98430212
  2.02115730
  3.52564528
  2.94462634
  3.30648440
  3.61338082
  3.35145012
  2.78286362
  13.11705384
  3.21122353
  3.39577466
  7.90959079
  2.63765785
  3.07794410
  1.29970017
  2.19179848
  2.63920267
  2.65181366
  3.96187629
  2.78900526
  2.52370308
  3.10680833
  2.64996518
  2.28666471
  1.77270683
  2.53331236
  3.33533061
  2.94567201
  4.27021893
  2.29000628
  1.73386602
  2.23773877
  3.18972847
  3.02230064
  2.19889770
  4.49819096
  3.32321047
  2.07843046
  2.52050367
  5.33922306
  2.80230786
  3.42022213
  2.40895640
  2.85531560
  4.29255840
  2.61926100
  3.66232123
  1.95691670
  2.56304166
  3.49622931
  3.54730302
  3.26213600
  4.15513281
  3.53309032
  5.29445744
  4.27662852
  2.95922601
  4.14540982
  3.07622177
  6.24300221
  2.23209386
  3.41227300
  3.17199754
  1.89700863
  6.73410957
  7.89732741
  2.83837490
  3.10230386
  2.79014280
  2.83191585
  3.24053460
  2.48472644
  3.69266293
  3.02564196
  2.16014418
  2.83174508
  3.97247810
  2.81705265
  4.76561173
  4.45263313
  2.38973245
  3.75863898
  1.74709571
  2.64573169
  3.02174861
  3.75008465
  3.56546727
  2.56336105
  3.17275489
  2.81768840
  15.70583755
  2.41163561
  1.57610320
  3.26114635
  2.57478262
  1.41698406
  3.57334191
  2.24181093
  2.18790702
  3.12466984
  2.20880845
  2.93732476
  2.44548656
  6.94209405
  1.56927078
  2.61752957
  3.23197378
  1.24874816
  2.65322142
  3.32852773
  3.71756104
  1.74337274
  3.37598703
  2.90240596
  3.17311471
  2.15988841
  4.29546042
  2.52975396
  2.83205150
  2.49171772
  3.92607982
  3.36597668
  2.53121544
  2.81006434
  5.88247160
  3.03785042
  3.11772500
  3.02645553
  2.20569299
  2.92755443
  4.03263256
  3.12865523
  3.31206435
  2.25017319
  2.89831443
  1.66047494
  2.72728221
  2.85309481
  3.43739984
  2.51017627
  3.29619203
  3.82249055
  3.29774695
  2.98257171
  2.93267307
  3.13581791
  2.54197495
  2.65827663
  2.58304369
  4.01107705
  2.53004741
  4.19446596
  2.49733567
  4.29853482
  2.92735735
  2.92087445
  2.84836491
  2.19210974
  3.03180696
  3.72076898
  2.35057048
  2.06153129
  2.67164553
  5.70351176
  3.31035703
  4.21028775
  3.32665704
  3.37209858
  2.99937037
  3.06628219
  4.54324346
  2.64143270
  2.52832714
  3.30539712
  2.97672795
  3.33372433
  2.87330961
  2.50170859
  5.09380985
  2.97869592
  2.96779638
  3.01543426
  2.92517539
  2.84410088
  2.41687922
  1.78821735
  3.68102215
  2.43964836
  4.44517463
  2.52066109
  2.06243240
  3.09166707
  2.33495692
  2.47574634
  5.74751151
  3.39478072
  2.89242095
  2.27929764
  2.94094432
  1.87435629
  1.73405969
  2.93278237
  3.14892153
  3.44767521
  2.91605733
  5.33098463
  2.81268380
  6.21211326
  2.21605363
  2.80106767
  4.15496789
  2.73145460
  3.28286794
  2.71429817
  2.96165427
  1.75065907
  4.09919042
  3.49252433
  2.62480527
  3.64926710
  2.38664761
  3.15202365
  2.10116186
  1.79758371
  3.81717605
  2.94083225
  3.21895920
  3.09051722
  4.37528676
  2.11721570
  3.20537466
  2.88413352
  3.67231604
  2.92442209
  2.23981382
  2.05264942
  3.69348309
  3.38046689
  3.21701695
  2.36995701
  2.98531143
  3.03801173
  3.63650562
  2.29118956
  3.13837109
  3.52451084
  2.55944126
  3.08191553
  2.00100225
  4.45988066
  2.78212196
  1.57435198
  2.40437698
  3.46538503
  2.49554303
  3.15403302
  1.70853663
  1.92758931
  3.12040051
  2.50138850
  4.00768089
  3.14617090
  3.25684169
  2.93894268
  2.98285326
  2.60915860
  1.80054723
  3.42876894
  2.76368249
  6.22618031
  3.00347533
  3.26112667
  6.41174154
  2.57220386
  2.67088736
  3.03953719
  3.92489296
  8.17654419
  4.65113907
  3.28633806
  3.35676747
  3.22289576
  2.86772276
  2.76932186
  3.48370125
  2.86012549
  2.08159215
  3.57602695
  2.05197586
  3.26964589
  2.65859626
  3.13473013
  2.39682752
  2.75811487
  2.55916621
  2.73599757
  3.37228304
  4.27889175
  2.55149210
  3.54171654
  4.32374028
  1.81321076
  2.81220085
  1.74254185
  2.73826843
  4.07749291
  3.19412558
  2.29976965
  2.69433968
  4.27287035
  3.19052751
  2.69964547
  3.96064659
  3.05587368
  3.08608020
  2.26247716
  3.26998563
  2.91940661
  5.63336826
