  18.50422788
  20.85783530
  18.83859338
  20.77459085
  20.27979220
  20.79512615
  19.25383982
  22.36933096
  21.32862561
  19.74473051
  18.05647793
  18.65460701
  19.47908432
  21.03794024
  20.80620564
  23.94761385
  20.48744531
  16.43415475
  18.85248754
  22.31037407
  20.38349715
  19.79315998
  18.54071077
  19.97815711
  22.01498249
  19.94094449
  22.82484562
  18.00795642
  20.92290413
  21.54008425
  23.84776194
  21.56244052
  19.32778157
  18.28756692
  19.91836251
  17.82112248
  17.81638624
  20.16115663
  16.04803647
  22.28664200
  18.85556743
  23.87666959
  19.47440740
  19.50204976
  17.01025367
  19.55507161
  18.19044145
  20.56788414
  21.03328825
  21.43362496
  20.40263481
  20.41895010
  21.28484033
  21.02723648
  16.88150434
  16.75125018
  18.68933992
  18.24995712
  20.61326762
  17.65808311
  21.38509438
  16.95659444
  19.52783113
  18.60227725
  19.08948175
  18.10065311
  22.17957932
  23.01589063
  17.51014256
  25.79361333
  20.66111490
  20.58275092
  20.60313671
  20.79836109
  19.43284678
  22.83755385
  19.88142648
  18.63255857
  18.18563081
  18.39938664
  24.26414761
  21.42406586
  20.30079026
  22.27925408
  20.74701462
  20.42185365
  19.83478512
  21.33012466
  20.32209359
  22.35635358
  20.72766301
  21.52433042
  18.53236555
  18.09247385
  20.71888833
  19.85899193
  21.34676516
  19.28969812
  20.56222338
  20.48793276
  21.37987999
  22.70465481
  21.32221062
  18.52760571
  22.48042846
  18.49635571
  19.39830306
  21.54558742
  23.79906999
  17.81680135
  17.50563223
  19.58069105
  22.36592004
  20.13286424
  20.77488727
  17.74049040
  19.91640093
  18.85867377
  20.46224691
  19.53870382
  23.46752794
  19.68114784
  20.11445728
  20.18322269
  19.06477099
  18.35201098
  20.26454944
  16.71349524
  21.85812708
  20.52899930
  17.97484338
  21.01056481
  22.55223126
  19.36746326
  18.60318203
  19.18497659
  22.92750027
  22.01658924
  18.06492643
  19.65797358
  19.39279855
  20.27690578
  23.82960200
  21.26067806
  18.32530744
  19.50196787
  18.21983730
  20.35791359
  18.33613669
  21.66889120
  23.93951878
  16.69172217
  21.83995714
  18.37070204
  19.17098312
  17.19370463
  19.81193248
  17.39446039
  19.33981104
  19.28853954
  16.91061765
  22.11153862
  20.72845062
  20.61859155
  20.94766476
  20.12521755
  21.17219149
  17.81227306
  18.16658102
  18.97489358
  17.09636094
  21.13743011
  18.08487497
  18.12795543
  19.37177961
  20.08798834
  21.12009191
  19.88095456
  22.30995966
  22.38562640
  18.31354377
  20.77980599
  19.32269923
  19.92805448
  21.59936294
  19.33586221
  21.34551778
  17.87546110
  19.77171101
  19.57377014
  21.77220750
  22.11085020
  20.44777781
  21.00221827
  19.32406915
  19.98533329
  19.28920103
  19.08698912
  17.40044536
  22.74441302
  21.08048592
  21.48584127
  17.78017526
  21.69272117
  19.51151564
  17.94379561
  20.48347758
  19.94185081
  18.07909007
  18.56237570
  21.48406203
  18.95441616
  17.54710185
  17.85545809
  17.57955787
  17.08513475
  18.97681426
  19.93208922
  20.52256167
  20.05650163
  18.57850949
  19.81979479
  21.97013000
  22.01039285
  19.79907239
  16.97535732
  18.60965958
  21.77690642
  21.73812820
  19.02126075
  22.69597279
  21.39748727
  19.53314332
  22.35656614
  21.33935170
  20.73501615
  20.42740579
  20.17354273
  19.03681283
  16.72358741
  22.20208825
  16.66112212
  20.97919158
  20.44005974
  22.41166537
  20.08859722
  21.46939333
  17.83298491
  18.09180427
  16.60663704
  22.94963031
  18.93925812
  17.49753835
  18.36930339
  21.08321882
  17.99636279
  22.64082443
  21.77895559
  20.35765761
  18.99720153
  24.30141302
  20.64753635
  19.76779344
  18.95142665
  18.05559677
  22.05438862
  17.06592061
  20.51865519
  17.97029166
  18.67065133
  21.78832311
  17.27150048
  20.54904207
  17.99155554
  20.84230890
  18.12544493
  20.92284428
  18.51101915
  19.34003298
  21.96080640
  19.92500581
  19.83651468
  18.17258826
  21.71492109
  19.15435963
  19.46835415
  20.70179266
  26.07741368
  19.60408853
  20.18185459
  21.68025393
  21.45715846
  20.91849844
  22.04137664
  19.31599949
  23.54979681
  16.97634831
  20.73426576
  17.48255615
  17.02546731
  22.67236070
  19.15250522
  16.55321368
  20.27829259
  19.69758576
  18.66769973
  20.51602525
  20.02203845
  21.41313516
  20.32691669
  16.87425111
  19.39681320
  21.55974027
  18.83830403
  19.36359430
  19.91718310
  17.53955519
  18.61272889
  21.44876324
  16.87177438
  22.43614579
  20.65777667
  23.52603019
  18.75760957
  20.60628614
  20.94849335
  16.49035070
  20.95500678
  17.93189668
  20.41685779
  22.48855803
  19.78546299
  19.30579323
  20.30462853
  19.97626706
  19.87670351
  18.95757179
  18.32294550
  22.75902623
  20.23731862
  18.90227140
  20.35343718
  21.71855855
  22.16574221
  18.15016435
  22.25315084
  20.86548795
  20.39629054
  20.12172729
  20.68107822
  18.85295153
  19.88177006
  21.68722473
  20.57819063
  19.07937838
  18.33620833
  21.02995439
  24.94615690
  18.56199901
  20.93958882
  19.00797729
  20.14115136
  20.98952689
  20.84956813
  19.83501630
  20.17716448
  19.66469396
  21.37194509
  21.42273197
  19.47868742
  20.46230330
  22.07028489
  23.04952761
  21.07632381
  21.17409399
  15.60857285
  21.05150020
  18.14508542
  18.00613524
  16.66010941
  21.91269320
  19.96441839
  20.66133100
  19.12522275
  19.08170888
  20.54471740
  19.52207347
  18.26906057
  21.26331858
  18.54191060
  19.84235104
  19.80062385
  16.18673352
  16.44990954
  19.20150282
  19.21083548
  18.04704788
  18.17350748
  19.56674833
  17.49522993
  22.38155175
  21.83698760
  19.24283099
  20.23621850
  24.72536790
  18.30455593
  21.03662885
  17.64464416
  22.45685381
  20.79106097
  23.34080485
  18.63589848
  20.93981163
  21.06741777
  21.92999646
  17.86166636
  19.40017168
  17.43898301
  20.40359603
  18.69899277
  17.22066562
  20.08979934
  20.15934889
  21.14685400
  21.52374889
  19.20753856
  21.10420549
  20.94999127
  17.32264089
  22.74123587
  20.68491792
  22.96927194
  18.53208533
  19.67914881
  20.95478342
  20.03404806
  21.59623152
  18.48160343
  17.43015327
  18.21106713
  18.74788917
  21.82142711
  22.70085416
  17.64106728
  18.01354034
  16.69687857
  18.26287175
  18.12209330
  22.80394283
  18.85599232
  17.76401954
  18.81227225
  17.92586054
  20.12795226
  16.86787288
  19.42632994
  20.76035660
  20.91306529
  17.10132169
  22.93685112
  21.32792472
  21.09103388
  20.14025363
  20.37623823
  22.12607740
  18.51908761
  22.16822704
  20.60256712
  18.22723004
  16.64579433
  19.12031641
  22.00166147
  18.92610737
  21.94461212
  17.38500768
  19.67435693
  18.62076190
  19.42527361
  18.15553977
  20.19416230
  22.09406550
  17.78128129
  18.92936893
  17.57188437
  20.34654449
  21.52312946
  19.69125940
  24.24589266
  21.11220355
  20.68396415
  17.50356376
  21.82843471
  18.00969589
  21.42776013
  20.60651987
  19.60726695
  20.02630072
  19.86917920
  20.31198088
  17.92648845
  21.65892429
  21.33571564
  18.89808831
  20.77132309
  21.13972919
  19.65321723
  18.46623126
  17.96889950
  17.57541728
  21.01441845
  20.15945224
  21.98164590
  17.67277601
  20.57605414
  20.78091691
  20.02162967
  20.91823265
  22.92494476
  19.26109992
  19.40618499
  22.46717697
  19.60423241
  20.42680424
  18.84953704
  17.03295013
  20.17964280
  18.69967150
  18.38652889
  16.85500574
  18.67203151
  19.76209907
  20.01600050
  19.84225131
  20.20070240
  15.89868618
  21.87192254
  20.12772489
  21.46529481
  21.73978124
  21.74713764
  20.94246343
  19.84242494
  20.37885474
  21.37896099
  20.64492738
  21.07182936
  18.88091578
  18.49697024
  18.87908397
  23.95743549
  21.10565551
  18.11921422
  19.96213446
  22.17865603
  21.22600710
  23.05991553
  22.30027123
  21.15107215
  17.72347081
  17.72077552
  17.19764171
  21.67054875
  21.51617267
  17.26098908
  19.93230232
  18.83599439
  18.43156556
  24.61981122
  18.86199951
  20.78759501
  19.63338206
  14.91728615
  16.45232669
  22.75896805
  21.17622266
  20.13646741
  17.00809698
  19.57163917
  23.14770323
  17.67775467
  20.16846084
  20.68137107
  18.73310890
  19.75340203
  21.11105889
  20.33757255
  20.64801729
  21.01814957
  15.88112042
  24.84502472
  16.14830063
  19.96878118
  18.96254101
  19.49536478
  22.56784712
  19.50918324
  19.88420233
  21.88739184
  19.35623577
  21.54390374
  20.37641370
  19.57915770
  23.63539108
  18.79397774
  21.60750636
  23.64540139
  17.48100665
  21.53069995
  19.60748644
  20.67448823
  19.56549082
  20.57391992
  21.78647688
  20.60060461
  20.22298823
  19.99224623
  21.06138412
  21.19416465
  19.11121264
  19.08972902
  20.23102449
  18.86557569
  24.66231731
  19.72045964
  18.80602756
  18.51057257
  20.80232617
  21.60641332
  21.34621611
  22.19585074
  20.31396370
  21.06153701
  17.36560957
  20.01820491
  17.80174929
  22.48847511
  23.39959036
  19.98448019
  20.47495520
  22.94023918
  21.34991900
  20.75407591
  20.26534686
  18.21619169
  18.66867115
  20.40185755
  18.58222793
  18.27628037
  22.97420869
  17.81811571
  21.63730132
  20.16088050
  22.44245709
  18.28280508
  21.50791066
  21.32819400
  19.14538198
  16.99268001
  17.89965646
  19.54528488
  18.51681843
  19.41435373
  18.05006040
  20.15814512
  19.96065343
  20.08451842
  20.14680445
  19.14882464
  18.26472712
  16.62226885
  20.58649185
  18.92912219
  19.70939689
  19.56840410
  18.52340412
  21.59025372
  20.39524060
  18.45984057
  18.69628129
  22.97072636
  17.97616249
  18.13067366
  20.98606786
  21.16047491
  22.67865740
  22.78472450
  21.05380685
  23.16447709
  18.69736022
  16.84391109
  24.71007454
  18.22054296
  18.68844570
  19.54872419
  20.24162759
  21.70311089
  18.63650114
  17.50775374
  23.26085673
  19.77495377
  20.53411426
  21.49447501
  21.97935199
  18.53916545
  21.44838135
  17.43967346
  20.50490947
  21.59698827
  21.06356979
  18.97925157
  16.89629460
  20.31513083
  17.22479215
  20.03178278
  21.72332991
  19.46000392
  22.45691484
  20.27371959
  21.72684171
  16.55660089
  21.84228661
  18.93778426
  17.88484750
  22.89515896
  19.17208493
  19.51902409
  21.55611046
  19.19127497
  20.99695705
  20.14760631
  19.40052151
  18.60302229
  19.75177808
  22.07722608
  21.08644479
  19.58292564
  20.79454423
  20.13468475
  19.15101128
  20.01354326
  20.94791550
  17.04474408
  17.84063653
  19.25990823
  18.81498434
  19.31493112
  21.48328918
  18.22133075
  18.09876516
  22.17473124
  22.36658177
  20.42513128
  23.03332625
  20.64778447
  21.07595477
  22.18982824
  21.75533965
  21.74163263
  22.38722512
  21.19130899
  20.87561080
  18.86277852
  19.19550687
  19.70574373
  21.51731415
  23.41799098
  21.96991370
  18.28772223
  20.50316404
  19.19109145
  21.32804442
  17.46125075
  16.84794575
  18.54524376
  20.60947897
  21.78593505
  20.07980492
  23.68913948
  17.63321963
  22.07665902
  21.87402980
  20.59817638
  21.07864471
  21.98123348
  19.49537639
  21.73043260
  24.19901492
  22.21869409
  23.19203582
  19.94046658
  20.48573752
  16.53273975
  20.91215414
  20.39031999
  21.42621929
  19.39288591
  20.56195249
  20.91136883
  19.95748131
  20.29185601
  20.71650175
  22.35228208
  21.91626843
  19.98873273
  19.91691288
  19.20471781
  18.03854282
  19.50284939
  18.25079680
  18.47694651
  19.69701269
  20.60787332
  20.84674466
  17.76073469
  19.73066335
  20.23545481
  20.86564954
  18.85507160
  18.76831630
  18.39756385
  16.85282592
  19.68091465
  21.34358150
  17.51102631
  20.10418076
  20.67422958
  19.51881352
  22.34377589
  22.45143584
  21.25428665
  18.51292496
  16.63684371
  20.06754808
  20.08006513
  21.31242243
  22.99849097
  22.12006879
  20.60251934
  19.83280855
  18.19784844
  21.18429435
  18.68297448
  19.22508131
  22.49198999
  19.65530288
  17.89572264
  18.71026576
  22.24552595
  20.12248483
  22.42304250
  19.23127115
  20.58466187
  19.45888234
  21.42054435
  18.58356165
  19.80292505
  21.96077491
  20.09847275
  19.82872952
  21.31788572
  17.82197652
  20.58943081
  18.36386915
  18.55468446
  20.39716016
  19.24585699
  19.07909901
  19.01972282
  23.44031631
  19.02482991
  19.20738407
  25.20950093
  18.24015312
  20.60823801
  23.63220786
  18.78373975
  20.44477368
  20.83200695
  18.25739377
  21.70885106
  22.89641107
  21.80223423
  20.31655882
  21.24866162
  23.96708019
  19.59920453
  18.89196767
  23.32405255
  26.73762291
  18.89708230
  19.19876852
  20.12306347
  18.60721377
  22.22976560
  19.42310790
  20.86653746
  21.40529623
  21.65141513
  19.23563229
  23.16468130
  18.06120122
  20.18541953
  20.45847786
  20.27133219
  20.57877755
  20.51902682
  17.80728279
  17.63670966
  19.88385843
  18.40093676
  18.88789311
  21.13150948
  19.86483334
  21.66411419
  21.25793722
  21.21455586
  21.47780110
  17.99800468
  20.78787442
  19.69515779
  21.82151535
  19.55588515
  18.38600194
  20.42364534
  17.69565035
  19.46828437
  20.62810223
  21.72769724
  22.17700220
  16.71662215
  20.25807966
  19.32200821
  20.87923446
  18.62588864
  20.19990471
  19.64101756
  21.76303478
  17.26097720
  21.38261288
  22.19372911
  19.29116049
  17.15062187
  18.96181073
  18.30192913
  21.43464163
  22.74323989
  21.42342354
  21.78159257
  18.28860034
  19.84749109
  21.55590215
  21.05793307
  18.67067235
  19.80642259
  23.46719026
  19.18840142
  17.92900772
  22.61136596
  19.60158334
  21.14653814
  19.78913883
  20.57923191
  21.55107684
  21.24292651
  17.17555402
  19.63235159
  21.74144256
  20.91915404
  18.82631719
  19.53596536
  25.75346067
  18.22416483
  18.89556499
  19.55277975
  19.58551172
  19.56959340
  18.95002916
  19.13540885
  19.12395809
  22.24743429
  18.17139016
  20.27353502
  18.39712011
  23.22270500
  19.66127792
  18.85019170
  20.63458000
  21.65084153
  21.40906349
  21.87758596
  19.79318690
  21.46783603
  21.11222388
  19.23064116
  19.44286509
  17.25965531
  22.74069321
  18.60960996
  16.08463836
  19.71578408
  19.75315097
  20.06257442
  18.46795915
  18.35370193
  20.47743171
  20.38241548
  20.64635563
  19.46640761
  21.83174301
  17.23139998
  17.68900791
  20.48592369
  20.34951603
  20.73673105
  18.77608006
  22.71212337
  24.17264272
  16.61268355
  20.64286109
  21.92837200
  20.58430536
  17.70701130
  18.70166020
  18.00564611
  17.63778228
  17.50916788
  19.59739669
  18.71887280
  20.99887674
  19.13413794
  20.38983553
  22.06898517
  18.18364238
  18.62713046
  18.62880682
  18.78453495
  21.66850067
  19.09587612
  18.91510888
  19.32172336
  20.71682189
  23.24450563
  21.13388825
  17.18513089
  23.72624214
  18.05557806
  20.48720634
  18.59946259
  18.43663651
  21.30451596
  20.40706344
  20.13442151
  21.72174820
  19.27043859
  21.26854333
  20.75563208
  20.99101944
  21.39496979
  17.95458619
  18.02210195
  18.67675165
  18.58022699
  17.90957502
  17.46947624
  20.81966779
  18.82728031
  19.48988455
  16.03867109
  20.39813500
  21.82660520
  18.97469515
  19.12240205
  20.29148288
  20.34813336
  16.87377461
  23.18893080
  18.00111279
  23.64413005
  15.84703076
  21.22091719
  23.11037073
  20.19305783
  18.93545871
  20.39451156
  20.18411801
  19.86480270
  21.37639098
  20.25466019
  20.44040832
  16.67781022
  20.24232537
  18.71402789
  21.39232686
  20.30619068
  22.26945722
  20.63599450
  21.91846967
  19.20389849
  19.41984306
  18.34020511
  19.30172663
  22.57652461
  18.85590675
  18.62510857
  18.52823880
  16.56692957
  20.77937212
  18.28001798
  21.22335879
  20.21167888
  18.79775291
  21.98580806
  19.07304194
  18.49850088
  20.87971077
  16.96162805
  19.84533495
  23.49153990
  21.44570653
  18.98898612
  21.83491506
  20.47893444
  18.12321213
  21.35959073
  20.48134323
  20.01652574
  23.73866228
  20.09378660
  19.96344114
  21.23855558
  20.71754362
  20.11954891
  19.33426488
  17.78911713
  20.20820733
  18.24835313
  21.53576495
  23.61444646
  18.38920101
  18.91474035
  19.42943670
  19.89666867
  21.07271592
  15.83526725
  18.36324408
  21.32897338
  20.02781581
  22.14912411
  17.67568524
  22.65115748
  19.76943476
  21.02444473
  20.22664602
  19.37341638
  20.46972576
  21.87358142
  18.77986940
  18.79581547
  17.91754069
  21.22691444
  17.69458390
  19.19169423
  21.54705516
  21.45042841
  20.94724036
  18.90649186
  20.04503473
  19.82848622
  17.18996626
  20.67167340
  22.09433285
  18.55864520
  17.16410032
  18.07121307
  17.12531637
  18.06208888
  21.65972785
  19.11676357
  19.34814055
  20.50540383
  22.83624224
  19.00097791
  23.08318794
  19.67966892
  16.65986687
  21.79365280
  22.54139754
  18.18169202
  18.66268203
  18.73010976
  19.31713772
  19.93240376
  22.13164263
  18.29927080
  16.54705689
  21.96537107
  21.50664606
  18.11756657
  21.38092324
  20.63223293
  20.58878864
  18.00214623
  18.58743939
  19.83407592
  19.91899018
  18.81094173
  19.38544243
  19.25210552
  18.81030575
  19.12643671
  18.83980767
  19.71329318
  19.38622132
  17.88021201
  21.33631200
  19.87944795
  22.62678666
  22.08769246
  17.90717531
  20.62392494
  22.05336053
  23.79563682
  19.95042759
  19.51863002
  18.58294931
  21.30540536
  19.82875099
  19.36272179
  21.79983467
  21.76746887
  19.21164557
  20.95953905
  18.63479809
  20.38180883
  21.47527667
  21.07869391
  22.64720491
  21.21022245
  19.25255773
  21.32062088
  19.58049270
  21.57610233
  19.09798398
  18.93587894
  20.29123252
  20.73988622
  18.09198782
  18.18059607
  18.77582383
  18.63566460
  23.36279414
  18.31918882
  17.97560247
  18.39477367
  18.34897623
  19.74892510
  22.94480375
  23.81185911
  19.69085846
  18.11190725
  19.59079285
  20.92371873
  17.82224050
  19.05374062
  20.58324024
  21.78389885
  20.19160686
  16.14587160
  17.55993611
  20.26921375
  18.54954912
  21.91304073
  19.61421248
  21.38129964
  19.02887728
  20.91565519
  18.58746416
  17.96164177
  21.34091615
  19.30156114
  16.86829925
  18.03401209
  20.21820580
  20.36120670
  18.86115773
  22.12389079
  19.69151914
  19.73272921
  18.56830948
  20.44383433
  18.86009649
  22.79524139
  17.85279450
  21.54650962
  18.32532400
  19.09267380
  20.21263777
  21.22190760
  19.57275872
  21.19530184
  21.22797827
  19.84099561
  21.76066181
  18.51762739
  21.32948997
  21.16982758
  20.20403367
  19.64792902
  21.65564490
  19.11980216
  22.08270057
  20.42787634
  18.46144185
  18.00728169
  19.14132338
  17.58502537
  20.18551250
  17.80135768
  21.33926962
  19.55601810
  19.58709904
  21.59882652
  15.90174849
  20.59381769
  21.57881193
  20.05320402
  18.28244066
  20.81847316
  21.85659513
  21.40867789
  21.90936398
  18.68950304
  16.29999115
  19.25425162
  20.72465751
  19.79047382
  19.37545680
  21.74384244
  17.43540384
  19.65370676
  19.47763868
  24.53773376
  20.04111046
  22.42701623
  18.80795181
  22.26609063
  19.85628635
  18.00709942
  22.57306882
  22.73843558
  19.53232188
  21.25563595
  19.30745331
  23.36605731
  20.59054076
  18.59343877
  19.60717051
  18.72270652
  20.19214272
  20.56088828
  19.36286218
  20.16836978
  17.40145253
  20.38608378
  18.91234015
  20.73259615
  19.71802428
  21.58527692
  19.88494985
  19.75480731
  21.45058163
  20.69984322
  20.69358232
  18.99886688
  20.44429732
  21.61787646
  20.41933504
  22.55132843
  20.89980151
  21.65711641
  23.29350551
  18.40948244
  19.71769287
  16.50088589
  25.69191058
  22.99967309
  18.42207145
  19.99443566
  22.73570218
  20.96582329
  19.21656474
  20.92506493
  19.82835808
  19.32689629
  19.56299040
  21.05331390
  20.19431532
  18.25692835
  19.73905788
  20.76117277
  17.35255699
  19.59434424
  18.34760997
  20.96483277
  19.60659604
  18.51015030
  20.38398951
  19.50217696
  18.54424189
  21.96346192
  19.85995037
  19.35804560
  19.53861634
  20.12885447
  22.20146734
  19.09175653
  21.32372607
  19.39474182
  21.35568934
  17.63039981
  19.19841500
  20.85271040
  21.88776391
  20.43487626
  22.10866132
  18.90783259
  20.18985084
  18.47707709
  20.09107633
  20.28981142
  16.68849002
  20.99494624
  20.65360528
  21.47920855
  21.32405227
  20.15858894
  20.73805126
  20.62246272
  20.57233902
  17.00970500
  22.16777209
  15.29835083
  18.59013748
  21.05626345
  18.12104862
  19.92223322
  20.52327750
  19.94867836
  23.03015802
  21.65387612
  19.27889490
  18.63218065
  18.12903039
  17.69802200
  22.00681839
  19.36962374
  22.32527811
  20.99409472
  20.77030473
  22.46881056
  17.24456799
  20.51192518
  17.94345752
  17.93249289
  19.39800282
  17.97125703
  20.87531086
  18.56707763
  19.44800527
  20.38563997
  19.22539838
  20.23464116
  21.66492226
  21.96102149
  21.01553706
  17.69405446
  20.32782796
  16.68629207
  16.98569544
  16.84227789
  19.09350233
  21.14748067
  20.82618344
  19.41678192
  21.62081153
  15.40141942
  21.51648943
  14.81220006
  19.20816844
  21.79920782
  21.17624555
  19.55395622
  22.10585982
  21.59085213
  20.28291242
  18.91648683
  18.65711775
  18.86588583
  19.34269419
  19.96207981
