  0.75212176
  1.61970560
  1.36287765
  3.21784963
  1.36527904
  0.32887575
  1.52605822
  3.17573500
  3.80951101
  -0.99113058
  0.92026230
  3.00937360
  1.80885237
  1.87675129
  -2.14553692
  -1.52052824
  2.03304667
  5.32397060
  1.22048425
  2.26663230
  -1.38064941
  0.28584094
  0.62144897
  0.27107234
  0.57905246
  -0.15088331
  2.70153860
  4.95355671
  -1.49089800
  -0.74354174
  -2.27180989
  6.83323933
  3.55552111
  -1.40699566
  -3.78589715
  1.31503279
  1.56677348
  0.36748253
  0.17020424
  4.68407278
  6.08574916
  -3.21998395
  4.24519880
  -0.18097913
  -0.25581744
  1.79699390
  10.43952956
  -0.85696050
  1.05654871
  -9.78730740
  5.24049478
  -0.41917862
  -0.15669942
  -4.83101021
  -0.91732117
  1.64943856
  3.21094562
  -3.38878797
  0.71693051
  3.73911304
  -1.94009385
  10.06548154
  0.57294106
  -1.67339150
  3.07750267
  0.26057722
  1.33050826
  1.22436272
  2.83999115
  -0.37848324
  0.68722745
  1.08945689
  -1.29788611
  0.38574041
  2.67254024
  -0.65277814
  -4.37166362
  0.81840776
  -2.75981673
  -1.36500962
  2.72927745
  0.74153358
  -2.25785410
  6.13663042
  1.30619329
  -0.08776325
  0.08579507
  -0.18704523
  -0.97126211
  0.96685815
  5.55462764
  1.62055808
  0.36766159
  1.53310782
  2.46559790
  -1.18669492
  2.65868941
  4.80571249
  -1.17704357
  -1.08578051
  0.54568692
  2.66336929
  4.59924374
  3.68332520
  1.06667634
  -1.62749380
  0.18594875
  3.03158532
  -1.71612614
  0.77984941
  -1.78549667
  1.12177963
  1.60163047
  0.50316766
  1.12771784
  0.69517109
  -0.41261585
  2.71323977
  -1.62097786
  0.41389223
  -2.01866157
  -0.97459132
  -1.10892918
  1.03687766
  3.00278182
  0.04156483
  2.20293310
  0.92490074
  1.60080774
  0.20623812
  1.09879954
  1.14011131
  0.62863662
  -3.32203357
  -0.67710471
  -3.64683767
  -3.36379188
  1.67305768
  -6.59230019
  -6.27679143
  -1.26713419
  2.68991542
  4.98047642
  8.80607447
  1.36617421
  -0.94373636
  2.78320476
  -1.86723535
  3.47426909
  0.20799067
  -4.05074667
  -1.50126286
  2.27713782
  -0.34513442
  1.70024286
  1.41354632
  0.58653995
  0.52554983
  -2.58890559
  0.09365541
  -4.19826633
  -2.76797648
  0.85818468
  -1.67454889
  6.30174659
  4.19950332
  0.14889581
  -2.56504989
  -1.36319772
  -0.72364017
  6.05239833
  -6.28109478
  -2.93098103
  -0.35737988
  0.77281433
  -1.49686804
  1.80256843
  2.74110990
  -2.60665451
  3.42963834
  -9.68435970
  2.56159249
  1.53333132
  -2.97436909
  1.22405633
  0.50279754
  -0.07193188
  0.43055826
  2.08092765
  -1.29934270
  1.70253454
  -0.33415168
  1.97326648
  5.24564904
  4.98793199
  0.97037439
  -0.12863559
  -0.70525415
  -0.03973719
  2.67079046
  2.13603093
  9.12271263
  0.08453111
  8.03306515
  2.20814332
  6.55343478
  1.05237362
  0.45016173
  0.42111647
  -6.03136328
  -5.23934167
  2.01857017
  3.30346138
  1.77913469
  0.86274736
  3.86874447
  -2.37114409
  -3.43799575
  0.66028720
  0.88622388
  -1.35810467
  1.49237878
  6.40951264
  0.50764667
  -1.17322793
  3.77753301
  4.52796767
  2.78983099
  1.80086207
  -1.27613749
  -3.69322780
  1.76120452
  2.59868428
  -0.37697229
  0.41940666
  1.86169071
  4.62663137
  -1.92064569
  6.89686133
  0.88160358
  -1.40581117
  6.16836146
  7.72118138
  1.50707272
  7.68983877
  -1.38547815
  4.80557170
  -0.95260390
  3.65973377
  1.19189560
  1.08330254
  1.41370211
  1.86032429
  -0.69095020
  -2.59599206
  0.70929272
  0.90625179
  -2.69892285
  0.18076147
  2.70982102
  0.89001031
  1.15003081
  0.02226423
  -0.99197492
  0.25957270
  -4.63199975
  1.87891340
  0.04882546
  2.13028612
  1.15846039
  2.32970524
  1.73536757
  -1.83446266
  4.12181434
  0.65379035
  4.67215993
  1.10042203
  1.03888177
  0.52437083
  2.24519833
  3.50020473
  1.74032149
  1.82899635
  -0.69974311
  -7.00874045
  3.66362706
  0.98152218
  -1.53325418
  1.45962111
  1.18352963
  -0.29227873
  -0.20106551
  0.16526008
  1.59026462
  1.60449522
  -0.75060702
  -1.16036820
  1.79922295
  1.14735171
  -2.60081778
  -3.87999176
  -2.45540385
  -1.87481614
  1.07998933
  1.23347371
  -4.41865382
  0.65083874
  1.56777678
  1.69969990
  0.16595862
  -2.29444661
  0.52632388
  3.47465622
  2.24108103
  -0.87731144
  0.64132361
  3.40676777
  0.30618891
  3.49983070
  0.38748218
  -1.23212329
  0.95656586
  -0.45002635
  3.80175882
  2.83141819
  3.69227658
  4.46197890
  -3.09175015
  3.32061288
  -5.34737522
  0.94788419
  -0.51294786
  1.23455513
  -1.57560568
  -0.25721261
  0.53850647
  -0.22566797
  0.37079525
  2.18405929
  0.41933230
  -4.30848077
  0.39792355
  2.57109139
  5.57786006
  -0.84392912
  0.32746533
  0.88445443
  0.67736899
  4.61723756
  0.52620146
  2.85223204
  2.57574885
  -2.50832701
  -0.82500775
  2.49323704
  -0.34203749
  0.56966058
  -4.10505860
  -3.93515828
  -1.27853822
  -0.14917241
  0.31497191
  1.11183827
  3.05010231
  2.89830114
  1.76473471
  0.42078922
  -0.38768427
  -0.98766916
  3.21511407
  -0.20115258
  -0.12668263
  0.54166780
  3.40434790
  -0.82147952
  0.41763287
  8.60138333
  0.29759529
  2.24169797
  -0.07626024
  0.43584646
  -1.87482213
  -0.75416329
  3.67695706
  3.85959156
  3.42148511
  -0.65324623
  2.90156036
  -0.20154874
  2.12168052
  0.54202341
  -0.41913076
  3.26016922
  1.66265575
  3.07799958
  0.53761312
  -1.09571564
  1.40306634
  -0.07066221
  6.34759772
  2.91717096
  -7.69588512
  -2.12465611
  3.01412523
  -4.32238898
  0.19875968
  1.53111807
  -8.78975644
  4.61232598
  1.71476584
  0.54684635
  1.32089049
  5.28716358
  -3.10051491
  9.42846944
  -0.48864670
  -1.57171129
  0.26162227
  2.09404239
  1.08317263
  1.91863566
  13.44445151
  1.79414398
  1.65578147
  -0.29462406
  0.68676493
  -0.54095008
  1.53324318
  -1.02840237
  1.47926709
  -2.08511457
  0.59880655
  2.06152343
  1.61208468
  2.33799112
  -0.39271343
  4.47376084
  4.14911914
  3.00934401
  -0.54463526
  -0.66831330
  1.85135260
  1.56547129
  2.30732626
  1.11290255
  -7.61884672
  1.01116722
  -4.59719069
  6.60137056
  2.03593008
  -1.55565917
  0.75201182
  2.10419587
  1.19157016
  0.92438319
  4.46875702
  1.28884355
  -3.50473647
  3.62731241
  0.98901700
  0.11399369
  -7.66450815
  1.21078223
  -1.95621795
  6.77281273
  0.82924933
  0.30790202
  -3.15795312
  1.18986923
  -1.82054710
  3.59773355
  4.47257604
  5.98378039
  -5.21168728
  8.62764940
  -3.83889616
  3.68230290
  0.94900941
  -1.82536719
  0.89653420
  -0.77233389
  -1.76230412
  -1.96950739
  0.91644225
  2.00088445
  -1.75252176
  5.42349950
  4.68815755
  0.53285415
  9.70594355
  0.43645444
  2.47430293
  1.89731628
  6.76069208
  -0.39070785
  0.50268280
  0.95766490
  0.75347479
  -4.16808595
  1.42673347
  -0.29464786
  -7.02249834
  1.62186102
  0.31703728
  -1.50147828
  0.49269055
  1.46405183
  1.24302851
  2.64513314
  -3.21173488
  -0.50489817
  0.40755055
  -0.67424215
  4.43294820
  1.16995581
  5.21454670
  -0.98402091
  2.56692883
  0.71454977
  0.10858234
  -5.12213856
  4.38993913
  -2.84168710
  -0.63130082
  5.82500314
  2.02782789
  2.74407702
  1.39364715
  -0.45258828
  0.38841902
  0.57231063
  -2.62985905
  -0.90344912
  0.89905587
  1.47729178
  2.88400372
  0.33003427
  1.41285129
  2.00323793
  1.33324394
  1.37468785
  -7.71240567
  -0.34867873
  0.99069369
  -2.26703056
  2.60972622
  0.97742215
  1.06440057
  0.60576500
  2.97524697
  -0.75598074
  1.67931386
  0.61933153
  -1.04197426
  0.34409795
  0.29596185
  2.95877533
  0.22762682
  1.10128234
  7.27491291
  0.60585465
  2.38606532
  2.54144958
  -0.29741875
  1.10514346
  1.23655550
  1.10860516
  -2.68162612
  1.17712358
  0.09309705
  1.97539821
  -0.01669885
  1.77758785
  -1.16676256
  -7.51319633
  7.13573440
  -2.85391844
  -0.28421297
  -0.37009961
  -0.50325080
  -3.54276621
  2.99577257
  1.19186013
  -2.06515875
  2.15158820
  3.72125299
  0.73504946
  4.97337789
  1.71819197
  1.93444361
  -2.45018013
  -2.68864997
  -1.90549594
  1.31931876
  4.08078867
  -3.99846963
  -2.61447217
  1.61153741
  -2.36829639
  0.58897593
  -0.48277861
  4.71393146
  1.42017457
  1.86709565
  -2.26130846
  1.06486376
  1.36605638
  -0.65424824
  4.38877770
  2.02829204
  1.54620632
  1.49659965
  1.41171369
  2.86909712
  6.01678872
  2.65192560
  0.54851745
  -1.48016362
  -2.29126404
  2.52727595
  -2.07928727
  0.70726456
  0.31217912
  2.12671372
  1.36504209
  -2.68323666
  2.21743409
  1.43881476
  1.05239804
  -0.04700846
  2.36534531
  2.37833045
  -2.75833522
  0.35803948
  1.84059996
  0.66279071
  1.33283810
  4.23640307
  -1.57433578
  0.82891822
  0.25149213
  -3.39384092
  -0.33281170
  2.74212937
  -1.31011662
  10.23061905
  2.67267484
  0.98866836
  2.95175834
  3.44454800
  1.62046911
  3.45691955
  -3.14417111
  0.74640557
  2.95087446
  -2.89972691
  0.40970226
  1.36251925
  5.54969795
  -2.59552984
  0.37274592
  -4.90345549
  3.41966494
  -0.21089081
  4.50401148
  0.62330452
  1.87360299
  -0.73219939
  4.31762244
  2.47210436
  13.34726390
  1.67666485
  2.89531283
  1.34679668
  -1.45838655
  1.81680844
  -0.03840721
  7.00473655
  0.15207063
  2.54592866
  1.36898850
  1.71288286
  -2.55303722
  2.53267177
  1.43998190
  -4.74327962
  0.70017104
  -3.56932182
  0.78548408
  1.38385978
  -0.85957328
  3.78109759
  2.83450796
  -2.16467244
  2.29094517
  2.89671201
  0.62624925
  2.49835943
  0.91163877
  -0.91102515
  2.40863557
  1.38968055
  3.74295547
  -0.32519915
  1.13210543
  4.63327744
  1.21678310
  2.88845453
  1.83464279
  0.25719438
  -0.78841060
  1.76706300
  2.51120615
  4.48839098
  -4.77892807
  6.13934603
  1.71839212
  1.33517384
  2.95057610
  4.77096116
  2.01907657
  0.35187508
  8.44250922
  4.16255458
  0.40109498
  -1.04604229
  -1.51230154
  -0.76175273
  -4.54610385
  2.36101344
  4.47500809
  2.88269507
  3.03371642
  -0.09792439
  0.51086938
  3.41912911
  0.24809161
  3.37038039
  1.00207709
  2.11872652
  2.00177539
  -0.92419503
  0.61405633
  4.77043121
  -0.70997510
  -3.74902021
  1.56536170
  3.63955380
  -0.39544805
  -1.03515692
  -6.03913168
  1.15355268
  -0.40590234
  2.95785005
  -4.27325461
  1.89938621
  -2.99261907
  1.80518158
  -2.32151041
  0.79675751
  -1.40079245
  -1.35002841
  7.44976394
  2.53576855
  2.67690845
  3.44343641
  3.19442704
  1.47866089
  3.22657877
  1.40945845
  0.87779990
  -0.79831979
  2.93514637
  0.03984612
  0.87840778
  1.43455019
  1.98507326
  -2.69945371
  2.06791631
  0.97859610
  0.61287148
  2.34060192
  2.71734800
  2.25625383
  -4.60330871
  0.70621243
  -6.67252502
  0.46067037
  -3.05261598
  2.16404342
  4.26474024
  0.74792754
  0.83954562
  0.72753924
  1.15113827
  1.20416117
  6.60889337
  1.39223916
  0.09722823
  0.93231347
  0.54389059
  7.27374174
  1.14854842
  5.55685489
  1.54013029
  1.90854030
  1.74972910
  2.65337894
  -4.17959053
  6.25860367
  1.25208354
  0.70813302
  -2.16408822
  -0.80818340
  -2.14336297
  0.36995402
  0.23764381
  -3.46756104
  1.20307062
  3.08898201
  -1.77558805
  -2.85324910
  -0.97407031
  1.89646854
  0.33246830
  -0.99544366
  1.87853851
  3.86202644
  0.93466237
  5.11385278
  0.74523805
  1.10378677
  2.17456607
  0.06030190
  -0.87610777
  0.61681963
  2.09835786
  -0.87220458
  2.49106658
  1.03409637
  -0.84558570
  1.23745467
  1.92420654
  -0.53079648
  6.24470319
  3.18936725
  2.04098272
  -2.27806608
  1.76584575
  -4.38818249
  1.66560130
  0.13462902
  2.79363889
  -4.76096584
  1.64724053
  -1.47350977
  -1.13343771
  0.63101643
  -2.01303176
  3.85460153
  4.00320202
  4.78934691
  -0.54352804
  -3.82927228
  -1.68578126
  0.09622470
  2.11682793
  -0.17369794
  3.23564280
  -4.28929161
  3.21037288
  2.52429146
  1.56216073
  -3.72994142
  0.09782640
  0.27256929
  -0.16316261
  1.16452152
  0.41393130
  1.53395594
  2.08658226
  1.38754911
  -0.13748243
  3.62055816
  -3.45237261
  3.50795825
  -0.84387450
  1.47978168
  -0.06274181
  0.47175256
  -2.00647404
  0.85428682
  0.13642725
  1.61698771
  -2.40104884
  1.80919152
  -0.66415346
  4.82050390
  -0.68560328
  1.96049441
  -2.18858642
  1.67574565
  -3.16822276
  2.05168373
  0.45920544
  1.34080913
  4.15842427
  2.73836350
  -5.58916635
  1.60473974
  2.66224470
  0.09964164
  -2.38864185
  2.68669168
  0.97507598
  3.13509771
  -1.97009374
  1.39281131
  -1.77722430
  4.16073675
  0.56942152
  3.39752951
  -1.21515182
  -0.89686601
  5.49550708
  2.95051794
  6.33669590
  -4.24619267
  -0.68681995
  -1.71718728
  0.83391939
  1.60802619
  0.51114500
  -2.89332161
  -0.25543391
  2.71816060
  1.34232674
  1.11270280
  -3.50236759
  0.62224520
  3.18595418
  1.47463620
  0.64468989
  -2.60579587
  3.14193043
  0.83977023
  0.91478500
  5.11533263
  -0.42713248
  0.76649849
  1.71222553
  -0.19386044
  0.96914171
  0.36683378
  -4.86480262
  -0.25160051
  0.76726535
  1.39486468
  0.96128415
  -0.55934809
  -0.81723365
  -1.63911964
  0.61316870
  0.90367641
  1.08400127
  0.21025399
  0.27179936
  0.99922559
  2.09231291
  -0.80536080
  0.19510579
  3.44800674
  2.24031212
  2.17658415
  -4.35320872
  4.65066136
  -0.50490449
  -0.98191652
  -0.17639499
  -0.76873494
  -1.63186916
  1.52548795
  1.27564707
  6.90472854
  0.95725410
  0.86235077
  0.69588131
  -1.57391428
  -1.27931401
  2.66527400
  3.68529718
  0.02609636
  6.78226929
  -0.73115639
  3.13625867
  -0.31958619
  1.58293759
  -0.70576491
  0.68550956
  1.23954622
  1.05999197
  4.38504867
  1.44892860
  4.08829349
  0.61741509
  1.85446881
  0.57131675
  -0.91531493
  -0.12072898
  -1.05597073
  2.98214401
  2.08984930
  1.59069798
  1.28914434
  0.52655115
  0.65200814
  0.07582690
  1.20124551
  3.07746416
  6.89158231
  -3.55502540
  -0.45817043
  0.95862396
  5.60172284
  0.43783508
  1.06927393
  3.67056066
  -1.74692293
  2.01883683
  -1.37570345
  -5.43353683
  -0.41183073
  0.83542928
  3.09498251
  -0.53144611
  5.57805130
  4.80901484
  1.04775408
  1.86935270
  1.98126343
  -1.08494030
  -1.92012699
  1.40716227
  2.16398321
  4.38653112
  3.59757409
  1.94560679
  1.53151928
  -1.14213825
  1.17389482
  4.63563057
  2.91420538
  0.73975964
  1.73059740
  1.69675969
  1.05323214
  -1.70117546
  1.19532275
  1.25701972
  1.58592454
  2.74566345
  -0.21607944
  3.28669846
  2.50317404
  5.78969375
  2.19338437
  -3.75757053
  -0.46959921
  -4.52968730
  1.07616365
  -3.98750217
  3.04589240
  5.97053220
  -0.99506383
  1.72061504
  -3.24228707
  0.37577071
  3.78677026
  1.14660756
  4.93780541
  2.92136261
  -2.72836041
  6.42875552
  -0.16119249
  3.70035903
  -1.18420895
  1.32387277
  4.04406245
  3.24690035
  -1.70887664
  0.14586462
  -1.05622470
  2.55675020
  1.37005293
  1.32349754
  0.56541481
  0.68271280
  1.83504604
  -2.47975602
  5.98523566
  1.48634539
  -1.63750079
  1.17252878
  1.08111825
  3.93214619
  2.44182773
  0.80490269
  6.83262246
  1.30499441
  -1.71489558
  -0.71666655
  5.79579993
  0.64581354
  6.96857648
  2.31268967
  -2.79562060
  -2.61426923
  0.30700287
  -0.29040953
  1.41856298
  -1.80844685
  0.58488543
  0.76878642
  -1.99772898
  1.61282485
  -3.20788048
  -0.38980404
  0.94747881
  10.96607766
  2.44868161
  0.98451776
  1.75626029
  0.31885853
  0.33107822
  -3.83077882
  6.58584406
  0.25336961
  0.11696377
  3.96593080
  -7.04690133
  2.47867416
  2.10924874
  -9.30210335
  0.86660098
  -3.87657162
  1.33423049
  -2.69339578
  -1.68724316
  1.84229143
  -2.11914996
  8.68293333
  4.33762914
  -2.11372407
  0.63124310
  1.63470275
  2.12459982
  -0.70551788
  -4.87860844
  0.39275023
  0.87052491
  5.77505250
  -1.10658622
  3.90895122
  4.57172097
  2.27766287
  0.71061748
  0.33891006
  -0.29890253
  2.39464459
  4.72787910
  5.04568719
  -1.55428847
  4.62328781
  -6.91684297
  1.29802431
  -1.39238671
  -4.59258797
  0.92586847
  -5.56373846
  -2.93796585
  -3.55789486
  0.95272056
  -3.03326352
  2.40009644
  0.83153600
  1.85546369
  2.60498522
  1.97131017
  0.31044200
  11.80880013
  1.60239290
  2.08335668
  8.43857941
  -0.19928061
  1.22939088
  -10.38871953
  -2.10610214
  -0.19362341
  -0.14763986
  3.35605462
  0.33107537
  -0.63202143
  1.31216189
  -0.15435798
  -1.64656283
  -4.70601648
  -0.59430107
  1.93003773
  0.83476147
  3.95025853
  -1.63100054
  -5.01545588
  -1.87916623
  1.54378222
  1.06653168
  -2.07046780
  4.35459272
  1.89881723
  -2.70584283
  -0.64463322
  5.64728880
  0.37552486
  2.14427287
  -1.10178735
  0.54944581
  3.99110627
  -0.26706383
  2.71630723
  -3.42311668
  -0.47908086
  2.32980481
  2.45132787
  1.73897391
  3.73530045
  2.41775708
  5.58506826
  3.96200694
  0.87641394
  3.71678205
  1.22441563
  6.78248256
  -1.90659278
  2.12453365
  1.49500053
  -3.81102184
  7.31971178
  8.42792095
  0.49440878
  1.29931984
  0.33488929
  0.47329091
  1.68140391
  -0.78749985
  2.78430075
  1.07643691
  -2.26761736
  0.47273158
  3.37749280
  0.42441149
  4.79657888
  4.27593991
  -1.18421559
  2.92954152
  -4.90825495
  -0.16977259
  1.06489362
  2.91090707
  2.49396072
  -0.47785497
  1.49709229
  0.42651043
  12.97058408
  -1.09038883
  -6.46769391
  1.73634843
  -0.43417961
  -8.40712685
  2.51234937
  -1.85945865
  -2.12572536
  1.36281544
  -2.02107233
  0.80896512
  -0.94820717
  7.53348655
  -6.53927748
  -0.27348290
  1.65843470
  -11.50676879
  -0.14252853
  1.91253408
  2.83952574
  -4.93822921
  2.03359458
  0.69983320
  1.49808585
  -2.26894029
  3.99639226
  -0.60824163
  0.47373519
  -0.75931336
  3.28309841
  2.00826238
  -0.60251212
  0.40129127
  6.35502632
  1.11249013
  1.34317132
  1.07884624
  -2.03655609
  0.77862929
  3.49770336
  1.37405951
  1.86996163
  -1.81919051
  0.68691502
  -5.64765968
  0.12041211
  0.54225958
  2.18670792
  -0.68552481
  1.82862959
  3.06683492
  1.83269124
  0.94748600
  0.79454126
  1.39421495
  -0.56049890
  -0.12420975
  -0.40278681
  3.45490395
  -0.60709074
  3.80963647
  -0.73675922
  4.00198718
  0.77801580
  0.75780005
  0.52692540
  -2.10453533
  1.09467007
  2.84660424
  -1.35572058
  -2.80060821
  -0.07603216
  6.13097339
  1.86552935
  3.83928036
  1.90771186
  2.02376717
  0.99811081
  1.19562260
  4.43137216
  -0.18546634
  -0.61384048
  1.85263460
  0.92977448
  1.92590942
  0.60735717
  -0.71926198
  5.29797315
  0.93574493
  0.90260288
  1.04612504
  0.77121937
  0.51306790
  -1.06814274
  -4.58677149
  2.75830564
  -0.97248974
  4.26296448
  -0.64401208
  -2.79551710
  1.26888524
  -1.42548895
  -0.82389995
  6.18684044
  2.08086693
  0.66825852
  -1.68101582
  0.82016463
  -3.96448710
  -5.01387266
  0.79488056
  1.43091354
  2.21194901
  0.74273451
  5.63588640
  0.40996798
  6.74702925
  -1.98521777
  0.37139474
  3.73498684
  0.13488809
  1.79371204
  0.07513951
  0.88384572
  -4.87970529
  3.62796246
  2.32089281
  -0.24655522
  2.68681514
  -1.19754884
  1.43956872
  -2.58068796
  -4.51589397
  3.05552682
  0.81981817
  1.62334646
  1.26558598
  4.13999864
  -2.49384543
  1.58650137
  0.64192517
  2.73879007
  0.76887116
  -1.86911574
  -2.85102161
  2.78612802
  2.04489677
  1.61809238
  -1.27020692
  0.95577166
  1.11296507
  2.65784340
  -1.62549948
  1.40138311
  2.39740081
  -0.49291752
  1.24084729
  -3.15287261
  4.28852150
  0.30794553
  -6.48596023
  -1.12132043
  2.25520488
  -0.74394686
  1.44516837
  -5.22620420
  -3.60988027
  1.35074686
  -0.72054099
  3.44813279
  1.42322859
  1.72491503
  0.81397379
  0.94833801
  -0.30461449
  -4.49364155
  2.16542404
  0.24554059
  6.76320093
  1.01041694
  1.73629621
  6.97254263
  -0.44401286
  -0.07875403
  1.11745441
  3.28066423
  8.66602466
  4.61135207
  1.80282555
  1.98486270
  1.63398138
  0.58943640
  0.26469498
  2.29961623
  0.56498064
  -2.68827805
  2.51860653
  -2.85486210
  1.75885987
  -0.12305339
  1.39115833
  -1.15366142
  0.22656975
  -0.49397591
  0.15061022
  2.02423372
  3.96614982
  -0.52358040
  2.43815486
  4.04766136
  -4.39947291
  0.40836920
  -4.94493939
  0.15845368
  3.58580856
  1.55581850
  -1.58576076
  0.00487548
  3.95512122
  1.54597123
  0.02363500
  3.35356304
  1.16532236
  1.25283772
  -1.76042834
  1.75975791
  0.75321339
  6.04082146
