  7.00385071
  11.85175157
  7.72896276
  11.68983051
  10.71378699
  11.72983449
  8.61176532
  14.68448955
  12.75550848
  9.63115030
  6.01205584
  7.33157380
  9.08269710
  12.19987819
  11.75140160
  17.44501846
  11.12627382
  2.20020427
  7.75881474
  14.57763238
  10.92031411
  9.73034206
  7.08360238
  10.10702620
  14.03795839
  10.03153630
  15.50072182
  5.90310398
  11.97786937
  13.15496335
  17.27583796
  13.19696592
  8.76696433
  6.52696548
  9.98565756
  5.48082133
  5.47005902
  10.47622661
  1.23754039
  14.53453915
  7.76542898
  17.32488935
  9.07297426
  9.13040600
  3.59527324
  9.24034053
  6.31134885
  11.28493692
  12.19092387
  12.95434955
  10.95831166
  10.99067730
  12.67230133
  12.17927223
  3.28764080
  2.97401590
  7.40689205
  6.44360864
  11.37418085
  5.10868606
  12.86256678
  3.46734431
  9.18389791
  7.21783160
  8.26464252
  6.11099397
  14.33956011
  15.83821563
  4.76802812
  20.45174382
  11.46805718
  11.31419324
  11.35427607
  11.73613275
  8.98647133
  15.52325931
  9.91050415
  7.28368901
  6.30063944
  6.77378942
  17.97670108
  12.93628748
  10.75568952
  14.52111463
  11.63604813
  10.99643455
  9.81540366
  12.75835417
  10.79815694
  14.66099273
  11.59826366
  13.12533913
  7.06537357
  6.09269331
  11.58111928
  9.86478856
  12.78992986
  8.68710389
  11.27379156
  11.12723718
  12.85269275
  15.28694602
  12.74332847
  7.05497277
  14.88508646
  6.98662152
  8.91443225
  13.16530665
  17.19308139
  5.47100240
  4.75759716
  9.29335262
  14.67831506
  10.41936643
  11.69040824
  5.29720710
  9.98166986
  7.77209893
  11.07644260
  9.20643568
  16.62505231
  9.50055217
  10.38233042
  10.52051819
  8.21219532
  6.66939894
  10.68334223
  2.88265390
  13.74843602
  11.20831541
  5.82858218
  12.14715646
  15.01420639
  8.85000904
  7.21980090
  8.46668884
  15.68241774
  14.04091344
  6.03099646
  9.45284755
  8.90294105
  10.70802362
  17.24499320
  12.62631137
  6.61043989
  9.13023599
  6.37672831
  10.86946258
  6.63436028
  13.39636808
  17.43132917
  2.82987205
  13.71476391
  6.71061613
  8.43714468
  4.02961037
  9.76872606
  4.49963925
  8.79215726
  8.68467191
  3.35740866
  14.21515689
  11.59980218
  11.38463717
  12.02575796
  10.40398489
  12.45744049
  5.46071018
  6.25820302
  8.02086057
  3.79972051
  12.39090748
  6.07568379
  6.17202170
  8.85903190
  10.32901370
  12.35768139
  9.90954302
  14.57688026
  14.71397475
  6.58443949
  11.69999365
  8.75631584
  10.00535463
  13.26623986
  8.78388909
  12.78756377
  5.60409247
  9.68644091
  9.27903863
  13.58896443
  14.21389624
  11.04780142
  12.13106839
  8.75918638
  10.12156768
  8.68606047
  8.25935513
  4.51356843
  15.35778643
  12.28167996
  13.05287111
  5.38768097
  13.44087191
  9.15005429
  5.75858348
  11.11843148
  10.03337654
  6.06272993
  7.13088770
  13.04951799
  7.97714063
  4.85340202
  5.55875781
  4.92822549
  3.77312426
  8.02495886
  10.01355167
  11.19561623
  10.26549807
  7.16606507
  9.78479128
  13.95538118
  14.02951621
  9.74243504
  3.51212285
  7.23389694
  13.59770214
  13.52553695
  8.11968181
  15.27146005
  12.88602445
  9.19491100
  14.66137769
  12.77586571
  11.61262500
  11.00744118
  10.50109429
  8.15277365
  2.90709581
  14.38063066
  2.75557550
  12.08665094
  11.03251543
  14.76104552
  10.33024097
  13.02186305
  5.50776417
  6.09119479
  2.62294800
  15.72148070
  7.94474731
  4.73887189
  6.70753332
  12.28692881
  5.87702779
  15.17295441
  13.60151202
  10.86895345
  8.06843509
  18.03883899
  11.44143818
  9.67841738
  7.97075398
  6.01007986
  14.11036967
  3.72756295
  11.18790818
  5.81832766
  7.36638330
  13.61892380
  4.21240166
  11.24782725
  5.86621048
  11.82159982
  6.16641393
  11.97775356
  7.01870836
  8.79262191
  13.93819449
  9.99915983
  9.81893417
  6.27158991
  13.48228755
  8.40201976
  9.06038671
  11.54769607
  20.89481304
  9.34170647
  10.51777350
  13.41759472
  12.99878215
  11.96934255
  14.08647365
  8.74227432
  16.76674819
  3.51448651
  11.61115965
  4.70418752
  3.63147064
  15.22931362
  8.39809955
  2.49248176
  10.71079281
  9.53435587
  7.35998180
  11.18271811
  10.19586385
  12.91562388
  10.80776543
  3.27024025
  8.91132235
  13.19189505
  7.72834086
  8.84191968
  9.98325998
  4.83598428
  7.24057448
  12.98293710
  3.26429684
  14.80524903
  11.46151462
  16.72586464
  7.55452759
  11.36046498
  12.02735954
  2.33842249
  12.03994701
  5.73172468
  10.98652811
  14.89972620
  9.71459356
  8.72087433
  10.76334425
  10.10319541
  9.90088428
  7.98388107
  6.60522080
  15.38379285
  10.62889636
  7.86559629
  10.86055841
  13.48906948
  14.31429176
  6.22159661
  14.47364699
  11.86660449
  10.94571916
  10.39696219
  11.50716092
  7.75981125
  9.91120386
  13.43061133
  11.30522130
  8.24320690
  6.63451846
  12.18450552
  19.09908444
  7.13006602
  12.01014482
  8.09139573
  10.43602962
  12.10659330
  11.83569981
  9.81587556
  10.50836281
  9.46668735
  12.83766251
  12.93376644
  9.08187207
  11.07655419
  14.13954347
  15.89734744
  12.27368485
  12.46107871
  0.11328336
  12.22596761
  6.21026473
  5.89900892
  2.75311433
  13.84938868
  10.07917207
  11.46848065
  8.34038083
  8.24815236
  11.23930496
  9.17195788
  6.48597020
  12.63133981
  7.08622253
  9.83084554
  9.74560774
  1.58597757
  2.23900200
  8.50155264
  8.52122760
  5.99090423
  6.27363796
  9.26451077
  4.73352974
  14.70660402
  13.70925817
  8.58860753
  10.62669523
  18.73912631
  6.56456303
  12.19735418
  5.07785869
  14.84260320
  11.72191841
  16.40581583
  7.29094626
  12.01057565
  12.25657166
  13.88134892
  5.57283363
  8.91833244
  4.60314483
  10.96021921
  7.42779939
  4.09305213
  10.33266387
  10.47259592
  12.40895553
  13.12424518
  8.51427818
  12.32721347
  12.03025468
  4.33211460
  15.35213000
  11.51467772
  15.75611969
  7.06476132
  9.49643934
  12.03951542
  10.22014334
  13.26036926
  6.95431462
  4.58263858
  6.35723358
  7.53353971
  13.68039563
  15.28016759
  5.06964981
  5.91565724
  2.84237831
  6.47225144
  6.15892609
  15.46362434
  7.76634136
  5.35087341
  7.67235072
  5.71809281
  10.40948651
  3.25493265
  8.97289061
  11.66207814
  11.95882472
  3.81146757
  15.69892804
  12.75417789
  12.30193478
  10.43422484
  10.90589231
  14.24177121
  7.03635307
  14.31883055
  11.35315666
  6.39315394
  2.71830851
  8.32999223
  14.01345084
  7.91662262
  13.90832536
  4.47762962
  9.48657877
  7.25804570
  8.97068885
  6.23358653
  10.54245848
  14.18314786
  5.39019960
  7.92359975
  4.91054763
  10.84684410
  13.12307990
  9.52134939
  17.94622716
  12.34255548
  11.51281070
  4.75281257
  13.69339631
  5.90701493
  12.94326882
  11.36092424
  9.34827062
  10.20448244
  9.88555389
  10.77800317
  5.71951107
  13.37773980
  12.76896591
  7.85663479
  11.68346108
  12.39531128
  9.44304957
  6.92062272
  5.81519076
  4.91868753
  12.15458225
  10.47280350
  13.97659899
  5.14236298
  11.30101726
  11.70215827
  10.19503718
  11.96882809
  15.67790443
  8.62703019
  8.93088088
  14.86121178
  9.34200364
  11.00624880
  7.75247734
  3.64926244
  10.51333581
  7.42926905
  6.74548445
  3.22403420
  7.36937632
  9.66675201
  10.18365159
  9.83064203
  10.55556953
  0.85895651
  13.77398277
  10.40902913
  13.01413272
  13.52861583
  13.54231473
  12.01570296
  9.83099635
  10.91109131
  12.85095227
  11.43632162
  12.26504955
  7.81982505
  6.98796675
  7.81589654
  17.46162128
  12.32999535
  6.15249285
  10.07453973
  14.33787456
  12.56022797
  15.91559136
  14.55929301
  12.41703128
  5.25834367
  5.25218568
  4.03888090
  13.39946523
  13.10999042
  4.18775194
  10.01398456
  7.72337633
  6.84454126
  18.56589722
  7.77923876
  11.71516798
  9.40216393
  -1.72090419
  2.24495117
  15.38368935
  12.46514904
  10.42661228
  3.59013925
  9.27463028
  16.06944216
  5.15376800
  10.49089318
  11.50773427
  7.50160593
  9.64892890
  12.34036014
  10.82898579
  11.44238131
  12.16177067
  0.81419601
  18.93460307
  1.48972572
  10.08801934
  7.99449308
  9.11652427
  15.04223332
  9.14521382
  9.91615698
  13.80261000
  8.82652975
  13.16214242
  10.90624099
  9.29018176
  16.91364712
  7.63295583
  13.28150262
  16.93079230
  4.70059867
  13.13731930
  9.34872386
  11.49425675
  9.26190848
  11.29681728
  13.61549273
  11.34929957
  10.60021445
  10.13557082
  12.24497374
  12.49944062
  8.31070906
  8.26516701
  10.61630133
  7.78691485
  18.63574313
  9.58134788
  7.65890788
  7.01773151
  11.74385121
  13.27945432
  12.78888841
  14.36925367
  10.78195554
  12.24526766
  4.43242570
  10.18811062
  5.43678090
  14.89957690
  16.50766495
  10.11983928
  11.10158160
  15.70490851
  12.79591155
  11.64982669
  10.68493550
  6.36862582
  7.36208875
  10.95676911
  7.17416825
  6.50196845
  15.76482123
  5.47398928
  13.33729670
  10.47567206
  14.81663733
  6.51642100
  13.09443960
  12.75468910
  8.38303757
  3.55342039
  5.65886091
  9.22007134
  7.03139144
  8.94792101
  5.99766251
  10.47017809
  10.07153558
  10.32201900
  10.44739252
  8.39031773
  6.47636473
  2.66104339
  11.32155168
  7.92307195
  9.55862743
  9.26793696
  7.04578959
  13.24916012
  10.94363479
  6.90660769
  7.42192762
  15.75868346
  5.83155349
  6.17809262
  12.09992007
  12.43502726
  15.24055722
  15.42948635
  12.23040394
  16.09877249
  7.42426417
  3.19737319
  18.71407425
  6.37829649
  7.40495469
  9.22719562
  10.63751669
  13.46026000
  7.29225562
  4.76250388
  16.26688889
  9.69308115
  11.21840259
  13.06913815
  13.97237340
  7.08022747
  12.98221617
  4.60474789
  11.16077422
  13.26178806
  12.24917544
  8.03015892
  3.32309955
  10.78428183
  4.10275348
  10.21556479
  13.49796379
  9.04301625
  14.84271325
  10.70166076
  13.50450892
  2.50076621
  13.71908241
  7.94159623
  5.62534825
  15.62526244
  8.43947168
  9.16563275
  13.18507753
  8.47997946
  12.12092402
  10.44900404
  8.91906257
  7.21945323
  9.64560003
  14.15227577
  12.29312379
  9.29797318
  11.72870142
  10.42302757
  8.39494111
  10.17868058
  12.02624262
  3.67728891
  5.52513359
  8.62452497
  7.67818760
  8.74003473
  13.04806141
  6.38004709
  6.10677053
  14.33070868
  14.67951301
  11.00293253
  15.86887720
  11.44192473
  12.27297587
  14.35826580
  13.55758285
  13.53206389
  14.71686635
  12.49398469
  11.88624345
  7.78091099
  8.48890703
  9.55112184
  13.11213844
  16.53949246
  13.95498255
  6.52730934
  11.15732745
  8.47959227
  12.75440513
  4.65481348
  3.20707070
  7.09350052
  11.36673822
  13.61448574
  10.31251552
  17.00561976
  5.05163372
  14.15123574
  13.77788362
  11.34452665
  12.27814332
  13.97583931
  9.11654838
  13.51120034
  17.86786654
  14.41090354
  16.14691490
  10.03056590
  11.12289851
  2.44237033
  11.95706058
  10.93386486
  12.94035714
  8.90312345
  11.27325813
  11.95554004
  10.06510044
  10.73786614
  11.57645500
  14.65361806
  13.85599444
  10.12845434
  9.98271063
  8.50833150
  5.97181788
  9.13206615
  6.44547155
  6.94411078
  9.53317787
  11.36358358
  11.83021621
  5.34338546
  9.60229276
  10.62516716
  11.86691807
  7.76436422
  7.57763252
  6.76977795
  3.21879736
  9.50007243
  12.78389070
  4.77007164
  10.36163864
  11.49375021
  9.16519594
  14.63820655
  14.83283333
  12.61413735
  7.02287682
  2.69653068
  10.28779255
  10.31304022
  12.72473677
  15.80759414
  14.23077411
  11.35306276
  9.81136853
  6.32783274
  12.48057962
  7.39309909
  8.55124200
  14.90590490
  9.44734626
  5.64996138
  7.45220217
  14.45977095
  10.39848654
  14.78159484
  8.56427639
  11.31795225
  9.04068253
  12.92963151
  7.17707429
  9.75031317
  13.93813643
  10.35014097
  9.80304004
  12.73511480
  5.48276168
  11.32733171
  6.69555324
  7.11410732
  10.94744547
  8.59497423
  8.24261402
  8.11640792
  16.57807499
  8.12727870
  8.51395250
  19.52427803
  6.42185122
  11.36430010
  16.90819355
  7.61089287
  11.04185228
  11.80158140
  6.46010454
  13.47096766
  15.62747673
  13.64476716
  10.78712786
  12.60342005
  17.47791837
  9.33161783
  7.84351889
  16.37674458
  21.90715167
  7.85447932
  8.49578642
  10.39965086
  7.22857511
  14.43107462
  8.96617439
  11.86864105
  12.90079853
  13.36369941
  8.57345742
  16.09912944
  6.02264603
  10.52492507
  11.06898383
  10.69689242
  11.30637612
  11.18864153
  5.44936491
  5.05964688
  9.91545670
  6.77720049
  7.83478516
  12.37956453
  9.87669675
  13.38744085
  12.62109120
  12.53837802
  13.03771654
  5.88072173
  11.71571221
  9.52936466
  13.68055937
  9.24202499
  6.74432400
  10.99998674
  5.19473654
  9.06024159
  11.40330964
  13.50610325
  14.33485515
  2.89022845
  10.67041305
  8.75486782
  11.89327124
  7.26919208
  10.55397063
  9.41790764
  13.57190218
  4.18772407
  12.85786809
  14.36538315
  8.69017338
  3.92802575
  7.99293372
  6.55875207
  12.95627010
  15.35569796
  12.93507353
  13.60641424
  6.52925349
  9.84133292
  13.18468625
  12.23833861
  7.36642887
  9.75746379
  16.62446968
  8.47391633
  5.72520091
  15.12023750
  9.33653194
  12.40835075
  9.72211530
  11.30727010
  13.17562148
  12.59249011
  3.98684420
  9.40003872
  13.53170990
  11.97061153
  7.70256872
  9.20076037
  20.38866412
  6.38634428
  7.85122811
  9.23559480
  9.30331988
  9.27039774
  7.96776809
  8.36194014
  8.33770330
  14.46324426
  6.26892035
  10.70129215
  6.76880132
  16.20042373
  9.45965304
  7.75388358
  11.41602261
  13.36262672
  12.90792402
  13.78446575
  9.73039713
  13.01892596
  12.34259449
  8.56294997
  9.00734002
  4.18462312
  15.35116379
  7.23378898
  1.32978392
  9.57174686
  9.64841428
  10.27775599
  6.92441122
  6.67312953
  11.10647872
  10.91816542
  11.43912270
  9.05633811
  13.69953250
  4.11828347
  5.17953485
  11.12326647
  10.85275710
  11.61597363
  7.59437833
  15.30026281
  17.82371615
  2.63768786
  11.43226889
  13.87834952
  11.31725101
  5.22072365
  7.43357493
  5.89790900
  5.06210930
  4.76577422
  9.32788284
  7.47082403
  12.12462574
  8.35925083
  10.93290283
  14.13715893
  6.29621198
  7.27189154
  7.27553531
  7.61260697
  13.39563834
  8.27820316
  7.89308585
  8.75427089
  11.57708071
  16.23841656
  12.38412225
  4.00941469
  17.06898704
  6.01003789
  11.12580154
  7.21170467
  6.85567950
  12.70971298
  10.96709957
  10.42249820
  13.49501554
  8.64665690
  12.64128769
  11.65286258
  12.10947244
  12.88126038
  5.78292509
  5.93489712
  7.37961060
  7.16980804
  5.68129109
  4.67388271
  11.77759128
  7.70464007
  9.10514073
  1.21390408
  10.94938055
  13.69000256
  8.02043714
  8.33440865
  10.73712159
  10.85000588
  3.26909686
  16.14149359
  5.88771344
  16.92861522
  0.72718841
  12.55051745
  16.00408717
  10.54024392
  7.93662375
  10.94218743
  10.52231427
  9.87663430
  12.84608457
  10.66357792
  11.03320593
  2.79611090
  10.63891246
  7.46034283
  12.87625831
  10.76645926
  14.50330597
  11.41879810
  13.86006102
  8.50660407
  8.95936781
  6.64334321
  8.71234453
  15.05779904
  7.76615763
  7.26749629
  7.05635629
  2.52601773
  11.69914825
  6.51024806
  12.55517582
  10.57756474
  7.64108832
  13.98426495
  8.22975752
  6.99131722
  11.89419492
  3.47936213
  9.83693403
  16.66646060
  12.97716634
  8.05092117
  13.70541509
  11.10944997
  6.16142579
  12.81424983
  11.11421226
  10.18471408
  17.09017714
  10.34069921
  10.07719006
  12.58415803
  11.57849128
  10.39257850
  8.78054407
  5.40803884
  10.57060957
  6.44004980
  13.14684330
  16.87775070
  6.75136847
  7.89229695
  8.97936549
  9.94153420
  12.26675307
  0.69712076
  6.69417501
  12.75616867
  10.20754559
  14.28392412
  5.14902777
  15.19142948
  9.68177914
  12.17389608
  10.60753737
  8.86245287
  11.09123883
  13.77705362
  7.60254911
  7.63691487
  5.69929595
  12.56195875
  5.19229629
  8.48086402
  13.16806485
  12.98608041
  12.02493762
  7.87463584
  10.24234203
  9.80254323
  4.02080577
  11.48874365
  14.18363782
  7.12274955
  3.95983392
  6.04508466
  3.86823903
  6.02463597
  13.37924197
  8.32246787
  8.80959229
  11.16175040
  15.52093382
  8.07648315
  15.95643399
  9.49750946
  2.75252487
  13.62882698
  14.99475093
  6.29186881
  7.34909698
  7.49512300
  8.74466021
  10.01419062
  14.25195416
  6.55287051
  2.47741908
  13.94660971
  13.09205882
  6.14881076
  12.85466845
  11.41141682
  11.32606882
  5.89003791
  7.18552229
  9.81395587
  9.98693346
  7.66948690
  8.88757932
  8.60811798
  7.66811795
  8.34295083
  7.73157257
  9.56663099
  8.88920616
  5.61485244
  12.77009764
  9.90647451
  15.14784192
  14.17146680
  5.67586545
  11.39510936
  14.10848213
  17.18724001
  10.05078717
  9.16481529
  7.17574009
  12.71140329
  9.80308387
  8.84009518
  13.64031057
  13.58015097
  8.52293498
  12.04870351
  7.28855538
  10.91696027
  13.03295719
  12.27823783
  15.18436345
  12.53010642
  8.60906904
  12.74030950
  9.29294248
  13.22261206
  8.28267234
  7.93752232
  10.73662202
  11.62213388
  6.09160557
  6.28942809
  7.59382578
  7.29043809
  16.44394348
  6.59691842
  5.83029207
  6.76363673
  6.66270280
  9.63975113
  15.71296428
  17.21483410
  9.52052496
  6.13616101
  9.31423635
  11.97944577
  5.48336143
  8.18876202
  11.31515582
  13.61070119
  10.53733440
  1.48363472
  4.88300641
  10.69266081
  7.10289941
  13.85003086
  9.36261099
  12.85538125
  8.13589171
  11.96383875
  7.18557625
  5.79883330
  12.77883404
  8.71199737
  3.25595611
  5.96164671
  10.59063802
  10.87601175
  7.77743171
  14.23776958
  9.52188349
  9.60653199
  7.14382900
  11.03999190
  7.77515343
  15.44817132
  5.55271725
  13.16703968
  6.61047647
  8.27141252
  10.57948563
  12.55240713
  9.27694635
  12.50161308
  12.56398796
  9.82807958
  13.56748703
  7.03316033
  12.75714935
  12.45291945
  10.56224617
  9.43215318
  13.37160870
  8.32890323
  14.16231485
  11.00837388
  6.91011982
  5.90158684
  8.37445321
  4.94081655
  10.52511157
  5.43589018
  12.77570997
  9.24230025
  9.30660129
  13.26523427
  0.86675472
  11.33595780
  13.22769662
  10.25884030
  6.51561394
  11.77526790
  13.74559813
  12.90719474
  13.84323652
  7.40724546
  1.86829810
  8.61263131
  11.59239219
  9.72484671
  8.86671710
  13.53617907
  4.59483379
  9.44405810
  9.07969201
  18.43068583
  10.23441441
  14.78876972
  7.66305067
  14.49718440
  9.85927184
  5.90117700
  15.05160074
  15.34714386
  9.19320821
  12.61670772
  8.72435588
  16.44959850
  11.32951441
  7.19858899
  9.34807145
  7.47911576
  10.53840895
  11.27116248
  8.84038875
  10.49071036
  4.51591202
  10.92545192
  7.88715861
  11.60789909
  9.57634728
  13.23982561
  9.91767913
  9.65180932
  12.98636964
  11.54388304
  11.53163449
  8.07198441
  11.04090886
  13.30093040
  10.99144061
  15.01258542
  11.93313635
  13.37435992
  16.32368071
  6.79600037
  9.57566673
  2.36428216
  20.29177795
  15.80967528
  6.82367940
  10.14000482
  15.34227623
  12.06084172
  8.53330120
  11.98205075
  9.80228156
  8.76510971
  9.25673361
  12.22945591
  10.54276529
  6.45907235
  9.61951588
  11.66366993
  4.40198052
  9.32157569
  6.65968781
  12.05892874
  9.34688513
  7.01680783
  10.92129214
  9.13067009
  7.09131307
  13.94309029
  9.86674266
  8.83031543
  9.20625441
  10.41130139
  14.37949828
  8.26946720
  12.74620615
  8.90699818
  12.80685353
  5.04515821
  8.49504085
  11.84180167
  13.80329829
  11.02224606
  14.20988770
  7.87750705
  10.53381290
  6.94439694
  10.33523750
  10.73378618
  2.82203085
  12.11704623
  11.45333770
  13.04036980
  12.74682555
  10.47106954
  11.61855136
  11.39223854
  11.29370589
  3.59396720
  14.31799957
  -0.69956702
  7.19139926
  12.23512815
  6.15659189
  9.99352520
  11.19702851
  10.04723690
  15.86330739
  13.36830143
  8.66442101
  7.28286773
  6.17442264
  5.20016284
  14.02294013
  8.85452554
  14.60467203
  12.11540399
  11.68147591
  14.86415573
  4.14921368
  11.17462546
  5.75782059
  5.73307090
  8.91380556
  5.82050275
  11.88566167
  7.14114273
  9.01804313
  10.92457043
  8.55190978
  10.62353905
  13.38895111
  13.93859106
  12.15673752
  5.19108476
  10.80958060
  2.81669777
  3.53677414
  3.19344703
  8.27316956
  12.41015542
  11.79026094
  8.95298487
  13.30642739
  -0.42769028
  13.11058651
  -2.00714979
  8.51560597
  13.63914626
  12.46519281
  9.23803096
  14.20475666
  13.25028235
  10.72001626
  7.89603540
  7.33702305
  7.78758046
  8.79819302
  10.07442889
