  1.74027846
  1.57392124
  1.57339307
  1.54002482
  1.27661580
  1.69039664
  1.48931304
  2.74875607
  1.60703478
  2.43775467
  1.77905623
  1.79166308
  2.47996094
  1.29529515
  3.59547325
  1.53214684
  1.91469244
  1.24792499
  2.04760821
  1.65024455
  2.01612706
  2.26879446
  1.32338657
  1.75071401
  1.79348182
  1.33524119
  1.58113371
  1.35789884
  1.75952533
  2.40659925
  1.37522259
  3.97472738
  3.03347246
  1.36921761
  1.58666859
  1.94056626
  2.28780896
  1.85487172
  1.39841133
  2.36189456
  1.80159765
  1.64739244
  1.90988792
  2.56880450
  2.59690836
  1.52556893
  1.63073625
  2.09820794
  2.53083189
  2.69406610
  2.33709383
  1.34214458
  1.43117918
  1.52572247
  1.63851543
  1.77692056
  2.18602593
  3.34978705
  5.93898434
  2.39513559
  1.57319643
  1.36364016
  1.30161633
  3.76112513
  1.42150233
  1.50773739
  1.78943536
  2.95076204
  3.85750295
  1.70882699
  1.92120537
  2.43114798
  1.16090306
  3.11919915
  1.73414333
  1.49034680
  2.95922086
  1.53860175
  1.60615798
  1.98948999
  1.44789104
  1.50733597
  2.00728010
  1.97943855
  1.94095525
  1.65142798
  1.83882055
  4.63166473
  1.70747324
  2.84936025
  1.76752090
  2.42922367
  2.36049780
  1.49062817
  3.53966203
  1.38325925
  1.83933316
  1.22574644
  2.44731558
  1.21615900
  1.64276621
  1.48098625
  2.95413575
  1.69455883
  1.91147013
  1.69938173
  1.96017743
  1.88750504
  1.47803911
  1.44100477
  1.41485467
  2.61696318
  1.76944977
  1.63807375
  1.80795143
  1.48602466
  1.67217309
  1.55335644
  2.05928453
  1.91620254
  1.52503494
  2.35579693
  1.62556443
  3.65326719
  2.63362801
  1.60385847
  1.77032617
  1.50783258
  2.81466430
  2.25479526
  1.30700464
  1.29960863
  2.38215726
  2.11043440
  1.23501528
  1.31407055
  1.68218515
  1.60359553
  2.04805403
  2.03799270
  1.43369749
  3.93150965
  2.24318185
  1.70103109
  2.91273188
  1.39519038
  1.79445825
  3.68768830
  2.01375141
  1.63498365
  1.35213883
  1.83891866
  2.29362511
  2.03019988
  1.80279521
  2.23540559
  1.42608009
  1.83440653
  2.21224797
  2.17796774
  2.03032563
  1.80268924
  1.31915926
  1.33519593
  2.33231510
  1.98909293
  1.35030332
  2.73966411
  3.94097300
  1.53903406
  1.80125221
  1.19261252
  2.51142549
  1.44604417
  1.49173870
  2.06003741
  2.14041120
  2.30813131
  2.72254598
  1.45064689
  1.41382196
  1.34153035
  2.18305335
  1.53239551
  1.63469714
  1.66335474
  2.50513946
  1.44462291
  1.68917207
  1.59068148
  1.28985388
  1.93190022
  1.60942911
  1.87288252
  1.61465520
  1.16349724
  1.28577396
  2.61322422
  2.21847550
  2.67322940
  1.45944333
  1.80542208
  1.83422442
  2.09107627
  1.67927549
  3.83753874
  2.06004505
  1.52181904
  2.48405466
  1.55244816
  1.37817529
  2.12848015
  2.18505762
  1.61971621
  2.29233051
  1.75142012
  3.07410746
  1.36767455
  2.11127394
  1.79366946
  2.26393072
  1.54975070
  1.86620346
  1.45909660
  1.57133269
  2.07745190
  2.80238698
  1.67339423
  1.78371798
  2.21287008
  1.77968547
  1.86196471
  1.34630431
  1.63783980
  1.78369133
  1.38966635
  1.63679202
  1.63585564
  1.61788484
  1.46322659
  1.49449440
  3.08023605
  2.08438646
  3.45132198
  1.61415380
  1.43808622
  1.74534067
  1.50460845
  2.88566224
  2.64638199
  1.25829566
  2.96295609
  2.84806273
  2.12118935
  1.56156921
  2.79983276
  1.57322230
  1.53609959
  1.56336102
  1.80075436
  2.81323575
  2.72003415
  1.87159095
  1.57344515
  1.42926030
  1.65142104
  1.41044116
  3.03274328
  1.48414785
  1.58060871
  2.51245497
  1.88995516
  2.07232765
  1.37520818
  1.52207548
  3.23022368
  1.34705873
  1.84224356
  1.85334271
  1.30596528
  1.47887785
  1.35243077
  2.46742947
  1.97902407
  1.92023421
  1.57257905
  2.93375852
  1.55741663
  1.75568519
  1.73038696
  2.24861680
  1.35844745
  1.41974000
  1.77762987
  1.69295870
  1.40517833
  1.28135960
  1.62957292
  1.60794595
  1.48510981
  2.22399975
  1.50457375
  1.45677445
  1.84482634
  2.48825035
  4.09712570
  1.33926258
  1.81197891
  1.89098670
  1.66604801
  1.45931202
  1.78125328
  2.19717446
  1.53241645
  2.09261758
  5.35727304
  2.09602030
  3.90766661
  3.15080469
  2.82684814
  2.44540522
  1.32482235
  1.32203576
  1.70300631
  1.34856750
  1.70282589
  1.46178424
  1.44973586
  1.78160545
  1.37046837
  4.13827185
  6.02938730
  3.18195174
  1.71435616
  1.62457694
  1.93704983
  1.80213287
  1.62525200
  1.53727773
  1.49919316
  1.59936514
  2.75686427
  2.74780779
  1.89415777
  1.61134578
  2.59287214
  2.28880336
  1.86546956
  1.47809824
  1.68611676
  1.74231952
  1.43497317
  2.25437546
  1.44543919
  1.39544187
  2.24375674
  1.47098664
  1.45359492
  1.49646532
  1.51387538
  1.36257524
  1.51718305
  2.34598513
  2.69166977
  2.14126666
  2.55662278
  1.44286507
  1.32125609
  1.53302867
  1.93686596
  2.01816860
  1.84097505
  1.44709319
  2.01006594
  3.39956825
  2.24316290
  1.98661721
  2.68888170
  1.92502214
  2.86302971
  2.18164816
  2.18890316
  2.76761603
  3.24305563
  1.82741418
  4.93351001
  1.37632775
  2.85734877
  1.67409290
  2.67347683
  2.59353815
  1.79452941
  2.37589372
  2.18931537
  1.71602486
  1.81189667
  2.04748567
  1.57848005
  3.42807182
  1.32556220
  1.77215211
  1.32944394
  1.69202403
  2.10294497
  1.50564471
  1.67585974
  4.33294622
  1.73578851
  1.67819850
  2.23393790
  1.78151711
  1.64257328
  1.88380069
  1.44628700
  1.90709660
  1.42626071
  2.12848223
  2.02235315
  2.53514534
  1.59377008
  1.67939772
  1.75695779
  2.39966876
  1.28555395
  1.32994867
  1.52907781
  1.76003506
  1.64927194
  1.55556003
  1.78025502
  1.79396528
  2.00479271
  1.34408652
  1.52761590
  1.80730127
  1.94363525
  3.45841619
  1.67899011
  1.83381090
  1.28663888
  1.45680945
  4.79638054
  1.71557705
  2.13726012
  1.47955098
  2.32842587
  1.56432943
  1.46771599
  2.34915026
  1.74394397
  1.50834860
  2.56279424
  1.59818443
  1.36750970
  3.57829775
  4.08541069
  3.72072140
  1.50418868
  1.85243330
  1.62575887
  1.34989745
  1.28445054
  1.58263402
  1.32029133
  1.92213286
  1.38793777
  1.58271909
  1.76086494
  1.54792037
  1.61905755
  1.72462947
  1.58694416
  2.19945064
  1.77181841
  1.41698819
  2.96285905
  2.05868465
  2.60628537
  1.73533754
  1.52348792
  2.09078249
  1.67128074
  1.86957476
  1.88938575
  1.26586045
  1.39688248
  10.08698138
  3.65114636
  3.00099293
  1.48387532
  2.73491853
  1.51946390
  2.19565953
  1.84733163
  1.42143510
  1.86352785
  1.20402941
  1.22593029
  1.58855133
  4.13052212
  4.91078529
  3.46007932
  3.17186337
  1.71673172
  1.38256361
  1.52542672
  1.60485326
  2.73161573
  2.01326796
  1.86588953
  1.58530042
  2.54097819
  2.15817866
  1.71577511
  2.53480102
  2.63543196
  1.64743299
  3.00704663
  1.43908491
  1.80047780
  2.05120411
  3.38302550
  1.41484224
  1.50102832
  1.44179835
  1.58825196
  1.82320201
  2.22368644
  1.64466822
  1.82336921
  1.83783284
  1.24604292
  1.34910742
  2.02025810
  2.11956949
  2.33039159
  1.50147812
  2.62727106
  1.57393494
  1.72342492
  2.05325877
  15.88997015
  1.47278702
  4.38961469
  1.75578541
  2.80324007
  2.16284358
  2.21401129
  1.45835781
  1.84476742
  1.63480813
  1.64399942
  1.73241929
  1.57146984
  2.61068871
  4.98626667
  1.80261887
  2.18887658
  1.33621476
  1.68230358
  1.56710173
  2.00588747
  1.30314921
  1.27660695
  1.73859487
  2.73093738
  1.35723878
  3.05363494
  1.45609052
  1.61320848
  2.02522558
  1.48221457
  1.47072496
  2.20033413
  1.68579493
  1.65320756
  1.81132293
  4.12632501
  2.28824362
  2.17485646
  1.59536504
  2.23624270
  1.44789962
  2.55471584
  3.70615202
  1.72760102
  1.42998451
  1.85374900
  1.92549359
  1.94384699
  1.41595748
  1.37369823
  1.55750265
  4.07559950
  1.72020671
  1.59614634
  2.90596110
  1.77297320
  1.73531241
  3.07878320
  1.45303070
  2.39627833
  1.63468032
  2.53262163
  1.40653400
  1.60207013
  5.82159098
  1.42432609
  1.55633892
  3.49038323
  2.20076963
  1.56092510
  1.72193975
  2.06324697
  1.43620741
  2.10846493
  1.63347477
  1.49030443
  1.51959569
  1.88595270
  1.79585143
  1.39226886
  1.49764449
  1.56776004
  1.89752182
  1.92068091
  1.26584576
  3.99393503
  4.39483842
  2.51694215
  1.95975298
  1.62090592
  2.58671116
  1.73995479
  1.85009330
  1.28723958
  3.25721331
  1.95975599
  1.71784082
  2.18121064
  1.63981546
  1.80327770
  1.38852631
  1.38080427
  2.06693597
  2.41082831
  2.24074427
  2.07269691
  2.51640345
  4.36904862
  2.73891129
  1.48097435
  1.69700818
  3.38801718
  2.24550286
  2.05930712
  1.67418004
  2.10090136
  1.84470184
  1.65703818
  1.57159126
  2.01427673
  2.59868551
  2.65753308
  1.92521656
  2.91712547
  1.92785466
  1.22483677
  1.76603675
  1.31301314
  2.08292502
  1.40850644
  1.69365646
  2.08003588
  1.84617654
  1.33828062
  2.08920294
  2.03768097
  1.51352503
  1.27632109
  1.59034553
  1.58463102
  2.15741559
  1.95143493
  1.72198170
  2.62916848
  1.82749740
  3.58433391
  1.52529189
  1.42844728
  3.27536273
  1.25067167
  1.93591007
  1.89825588
  1.92247675
  1.53190990
  2.68360428
  2.13449252
  1.62018743
  2.24781449
  3.85259667
  3.21139505
  1.98086896
  2.92005269
  1.46634574
  2.94908135
  1.29463739
  1.76878150
  1.45351626
  1.73804116
  2.93969181
  1.81085526
  1.38933658
  1.45840197
  1.75992959
  1.61731361
  3.16684272
  1.77049399
  1.67699027
  1.42450452
  2.92665088
  2.69543156
  1.55961528
  1.48422209
  2.59623594
  1.57343867
  2.26966978
  1.32307896
  1.59242027
  1.71846855
  4.75398756
  1.71785378
  1.31959657
  2.71188713
  2.21770643
  1.24666640
  1.27843981
  2.72167478
  2.40217748
  2.04244086
  2.25173382
  1.24339108
  1.40849278
  2.06739046
  2.10709555
  2.29415951
  1.33402993
  1.48960182
  1.57826474
  1.91930868
  1.82313123
  1.84778218
  1.34093052
  1.45597502
  1.76579386
  2.50357372
  2.21225969
  1.82499733
  1.93631474
  1.19420630
  1.86457204
  1.84927433
  1.58412496
  1.50116886
  1.82173989
  1.44302573
  1.65210520
  1.49079621
  1.83498076
  1.92200610
  1.43515069
  1.56221838
  1.82622720
  1.29104929
  1.50877722
  1.68105247
  1.82850058
  1.22195469
  6.49658835
  1.72070457
  3.44524698
  1.61852882
  1.47268791
  1.92925318
  2.07177736
  2.26238591
  1.45477926
  1.73005360
  2.16904214
  1.39066684
  1.76522291
  1.62065855
  2.04114763
  1.72719797
  1.63144812
  1.99067186
  1.50518522
  1.52691499
  3.03046077
  2.63246388
  1.36213313
  2.37409318
  2.44962363
  1.89647399
  1.51892227
  1.49390970
  1.49869089
  1.57697967
  3.88627594
  1.63947788
  1.56092097
  1.39578815
  4.01821471
  7.10755011
  1.68065558
  2.67009729
  1.93516485
  1.86968469
  1.62250013
  2.66149909
  1.39449710
  2.51570514
  1.65793888
  1.25907623
  1.65607200
  2.35148444
  1.31617569
  1.65708314
  2.56819281
  1.65819260
  1.65439003
  1.63893709
  2.24583023
  1.58260313
  1.68019214
  1.36509123
  4.79497486
  1.98595478
  1.50843913
  5.19296272
  2.42407268
  1.64340161
  1.91334206
  1.39391946
  1.25544897
  2.23553221
  1.63595219
  2.19534566
  2.14724188
  2.16505246
  2.10337722
  2.33787710
  2.99665890
  1.69332082
  1.73420776
  1.21429668
  1.84353156
  1.75352091
  1.97285548
  2.04643565
  2.09028882
  1.40997384
  1.44099919
  1.64990751
  1.70645625
  1.19955270
  1.70624527
  2.03185413
  1.66621112
  1.43108845
  1.45355592
  1.86275869
  2.06389862
  1.56419796
  1.45717339
  2.24033323
  1.41277854
  2.16065023
  2.56335505
  1.80124303
  1.41211455
  1.54789843
  1.84048854
  2.90467431
  2.52991501
  1.83746573
  1.34183518
  1.62179406
  1.79121074
  1.67786111
  1.55245264
  1.52267898
  1.74251765
  1.95492954
  2.86488488
  1.56991716
  1.26025403
  3.67810185
  1.75967706
  1.38283094
  1.45761506
  2.44800539
  2.36384447
  3.00686756
  2.78208442
  4.39888922
  1.50282674
  2.41387014
  1.26604289
  1.35102804
  1.49242384
  1.28643584
  3.25224366
  1.70913429
  1.40080802
  1.83202180
  1.88796641
  1.28236409
  1.69140622
  1.39209995
  1.28832800
  1.53174328
  2.35359160
  1.88130388
  1.34317607
  1.55191781
  1.45695428
  1.81237538
  1.36301730
  1.89679891
  2.92592690
  1.71268910
  1.36369859
  2.35329049
  1.50992813
  3.92972206
  2.01064772
  1.31828502
  1.59255758
  2.41231416
  1.63060745
  1.44992262
  1.96596380
  1.60401225
  1.87367741
  1.67531293
  1.47262641
  1.67792799
  1.42215611
  1.76926496
  1.72741679
  1.63208701
  1.58658601
  2.63253472
  1.51525721
  2.12945424
  1.69374038
  1.35633962
  4.99998667
  1.55432366
  1.55910988
  1.70121023
  1.82586061
  3.01951061
  1.35726974
  4.30859276
  1.50347284
  1.56757697
  1.77460752
  2.33796085
  1.81572762
  1.40303046
  1.49213155
  2.08626107
  1.83676153
  1.78468733
  2.07343309
  1.38637434
  2.13803512
  1.57908020
  1.77344368
  1.48832203
  3.74613221
  2.15205125
  2.52052513
  1.89136301
  1.57309550
  1.27062350
  1.56357428
  2.83187897
  2.70884577
  1.63478456
  1.97693503
  1.95683081
  1.44810280
  1.39112425
  1.32363809
  1.64429859
  1.76252184
  1.57343140
  2.89194311
  1.63240232
  1.61359967
  1.83584769
  1.44418584
  1.28838126
  1.67635831
  1.50672330
  2.78134621
  2.73237691
  1.60644598
  1.84097336
  1.37654394
  1.50263511
  1.53325710
  1.63317593
  1.72125376
  1.44522186
  1.43868127
  2.89697565
  1.79799796
  1.81464459
  1.71877201
  2.62351303
  1.95245281
  1.31258474
  1.70863892
  1.46267483
  2.63837796
  2.45487108
  1.37120120
  2.35486291
  1.46122342
  1.58421337
  1.85029403
  1.36307031
  1.94761574
  2.48110969
  1.74363889
  1.90261529
  1.61194840
  2.04772377
  1.40850874
  1.55701702
  3.41328233
  1.76179553
  1.65078701
  1.73645435
  1.79143178
  2.10560286
  2.80768306
  1.54662571
  1.67829074
  2.20234407
  1.60417151
  2.13868832
  3.12513423
  1.61691805
  1.58004372
  2.07694471
  1.78700464
  2.51640584
  2.33736689
  3.48069374
  2.28972907
  1.56482714
  1.66582219
  1.66388219
  1.44176132
  1.37381645
  1.86779072
  1.73088458
  2.33815801
  1.63918626
  1.27879270
  2.58819571
  1.67796273
  1.24734210
  1.94474589
  2.63211994
  1.70308118
  1.84971391
  1.26923288
  1.55329941
  1.24225484
  1.95022580
  1.97861426
  1.83568179
  1.51534676
  5.36594573
  1.91534510
  1.91251088
  1.65438901
  1.75023707
  1.88655438
  3.25557671
  1.46752780
  1.71872586
  1.64664823
  1.55031993
  3.30796237
  2.32459274
  1.17091435
  2.19576536
  2.06746901
  1.75599598
  2.16701944
  1.77655670
  1.48443438
  2.26117852
  1.84055246
  1.40693500
  1.79962556
  1.28195830
  1.67750019
  1.49644881
  1.85248295
  1.53585912
  3.51314832
  1.40027973
  1.30440161
  1.59753315
  2.01424627
  1.35344904
  1.86782327
  1.40424987
  2.11318015
  1.58030369
  1.92404166
  1.71505743
  3.12515115
  1.94429636
  2.01545736
  1.65125312
  2.55764065
  1.41158091
  1.45124601
  1.49917174
  1.20368847
  1.76738937
  2.00426926
  1.61351098
  1.46900155
  1.47369922
  1.28562339
  1.56647454
  1.35277226
  1.94833571
  1.56137160
  1.36937262
  1.94606294
  1.56567895
  1.59036628
  2.01695116
  1.43986075
  1.90346934
  1.43996660
  3.45672989
  1.79670917
  2.91227323
  5.98108165
  1.68288427
  1.72472316
  2.16653860
  2.64999294
  2.54399783
  1.72652446
  1.23218372
  1.25204237
  1.43458106
  1.38190955
  1.95420301
  3.02743458
  2.02583527
  1.55082483
  1.97821995
  1.68487984
  1.49082498
  1.63808093
  1.72862307
  1.44890456
  1.64551880
  1.93584630
  1.70998130
  1.57865928
  1.28865023
  1.95138809
  1.82329250
  1.43382764
  1.62066286
  1.95358910
  1.89134941
  1.48813969
  1.67648799
  1.68913598
  1.32601340
  6.57082135
  1.39361281
  3.44470366
  1.69488260
  1.30771936
  1.60180262
  1.54959148
  1.60388716
  2.29235578
  1.47263082
  2.35337004
  1.96956006
  1.58418466
  1.74961663
  2.35334227
  1.46812852
  1.20317876
  2.01795023
  2.21450982
  1.57897217
  1.48129034
  1.84485742
  1.64807914
  1.82798769
  1.95692817
  2.33090574
  1.34150838
  1.52707830
  1.99392352
  4.27828270
  1.70361420
  2.20780823
  1.89561788
  1.42189365
  1.81451739
  1.88787372
  1.29441449
  1.42363607
  2.16735464
  1.63947490
  1.70132647
  3.46287514
  1.56526321
  2.65131177
  2.42287055
  3.12355794
  1.27787730
  1.54195632
  1.28178360
  1.43269948
  1.67297571
  6.35106732
  1.77430432
  10.50165711
  1.77304045
  2.06077890
  1.36185984
  1.73005946
  2.00261978
  1.44239807
  1.43780906
  1.65064194
  1.43356104
  1.39002314
  1.24763308
  1.97384201
  1.86130460
  1.74738957
  1.46339805
  2.60249879
  1.55198852
  8.67014350
  1.38369063
  1.95972833
  1.76737390
  6.63399617
  1.81864758
  2.24721952
  1.41502615
  2.10383601
  1.64382059
  2.71793003
  1.34807867
  2.49928062
  1.55769660
  1.65431453
  2.62861044
  1.74944236
  2.40558294
  1.67650821
  1.91557760
  2.02023281
  1.44316775
  1.37368747
  1.72050499
  1.62148692
  1.93593061
  2.05444181
  1.45687289
  2.60903114
  1.73025368
  1.81678775
  1.38286137
  1.76000013
  1.55351573
  2.96955923
  1.32662277
  1.55806634
  1.55613536
  1.31219390
  1.50872937
  1.36677391
  1.98570489
  1.43482071
  2.93535846
  1.42693172
  1.68912528
  1.37223477
  2.44136144
  6.96495610
  2.50592939
  1.62503521
  1.97640519
  1.26684969
  2.04011845
  1.48914410
  2.13248915
  1.51501409
  4.95844299
  1.53458136
  1.87191719
  5.24816504
  1.54658101
  1.74135128
  1.41447006
  2.60038036
  1.72431381
  1.78722545
  2.03193541
  1.83596464
  1.54082296
  1.65019768
  1.88889806
  1.48747306
  1.48815986
  1.39714506
  2.20264174
  2.13770948
  1.34581035
  1.82279222
  3.29322351
  1.33966824
  1.77910562
  1.86115164
  2.25289572
  2.34526992
  2.68968007
  1.43191994
  3.28540295
  2.40664421
  1.66053468
  3.14201376
  1.84439149
  4.51858446
  3.64712252
  1.43347972
  1.90030520
  1.33410167
  1.47981501
  1.55545866
  1.36627275
  1.84830315
  1.33758071
  1.58358612
  2.97716759
  1.60641192
  1.38950610
  1.34528699
  2.26166133
  1.46694728
  3.78834421
  1.59185334
  1.71544038
  1.49634348
  1.96375524
  1.65996146
  1.87277524
  2.20010128
  1.58994478
  1.53323816
  2.30846733
  3.80463006
  5.38592921
  1.91473754
  1.73727443
  1.59307714
  1.84043092
  1.46026314
  1.94789032
  2.11948230
  1.45551350
  1.92605092
  1.93817864
  2.00955512
  1.26985421
  2.25926445
  1.99314656
  2.03162719
  1.73741699
  1.70482630
  1.58471028
  2.53698954
  1.79764077
  1.82643794
  1.43115236
  1.59879872
  1.89357039
  1.60848525
  3.17673456
  3.97225662
  1.45236911
  1.30062615
  1.75887298
  2.18567194
  1.61931608
  1.23693971
  1.40038434
  1.86700706
  1.48738804
  1.96972776
  1.51227447
  1.81567365
  2.93103181
  1.86157295
  1.43509998
  1.21844181
  1.58403442
  2.09417045
  1.24000233
  2.19858380
  2.50043966
  1.83440832
  2.42784229
  1.32317742
  2.20424170
  1.63747974
  1.46816769
  2.38981178
  1.86500154
  1.44308545
  2.47636399
  1.71334717
  1.74124330
  1.59032654
  4.46109275
  1.52894529
  1.32309154
  1.52194753
  1.28044052
  3.60510381
  2.28687583
  2.39316220
  1.51383280
  2.64600289
  1.33591339
  1.54433053
  1.93279038
  1.89239727
  1.83389709
  2.15684780
  2.74239705
  3.38877351
  1.94251151
  1.52463139
  1.97414548
  1.64887717
  2.33627104
  1.78566774
  2.82465348
  1.84894935
  6.34536476
  2.76271259
  1.98959162
  1.62839663
  1.66260571
  1.97378731
  1.54784972
  1.61409443
  2.89846937
  1.41816719
  2.11071949
  1.79033086
  2.61251939
  1.47360919
  1.52414263
  1.27201687
  1.88270696
  1.76206472
  1.85481527
  3.38960435
  1.80200966
  1.85268732
  1.63186531
  2.43489518
