  6.56531187
  5.82261243
  5.98534359
  5.30966368
  5.98363192
  7.04516112
  5.87752301
  5.31712490
  5.22303409
  8.77882059
  6.38388336
  5.34864080
  5.72456313
  5.69301703
  10.64130500
  9.58860115
  5.62667624
  5.09976645
  6.09452878
  5.54143842
  9.36764635
  7.09587396
  6.70986486
  7.11336149
  6.75744524
  7.63162545
  5.41682784
  5.12106322
  9.54136579
  8.42393672
  10.86762972
  5.04592793
  5.25643345
  9.40887051
  13.98711428
  6.02030276
  5.85307882
  6.99997481
  7.23395755
  5.13951712
  5.06730551
  12.72816979
  5.17621538
  7.67000162
  7.76626908
  5.73025714
  5.00745323
  8.58469004
  6.24212929
  38.02985616
  5.10419827
  7.98062511
  7.63902677
  16.64853137
  8.67148885
  5.80611708
  5.31087324
  13.09134906
  6.60393194
  5.23178801
  10.28310867
  5.00899155
  6.76433166
  9.83603048
  5.33532574
  7.12581498
  6.00881386
  6.09134035
  5.38442794
  7.92667916
  6.63670584
  6.21034168
  9.23931725
  6.97870641
  5.42400711
  8.29746458
  15.42152471
  6.49317968
  11.78848366
  9.34326014
  5.41009182
  6.57690789
  10.84238138
  5.06557008
  6.02694507
  7.55176150
  7.33644549
  7.67776005
  8.74979838
  6.33449829
  5.08850964
  5.82213343
  6.99976591
  5.87322549
  5.47964401
  9.06967223
  5.42748680
  5.13084590
  9.05509487
  8.91840445
  6.79512755
  5.42630739
  5.14592155
  5.23899118
  6.23222122
  9.76107567
  7.21499992
  5.34423515
  9.90633710
  6.53504176
  10.02153641
  6.18023077
  5.83285442
  6.84345254
  6.17481410
  6.62792505
  7.97190071
  5.41397087
  9.75048100
  6.94603922
  10.41864755
  8.75465471
  8.95287911
  6.26170165
  5.34996053
  7.39072745
  5.56320673
  6.37895006
  5.83332454
  7.19064316
  6.20152779
  6.16362121
  6.70183165
  12.94650543
  8.33117434
  13.66666857
  13.03692374
  5.79331702
  22.32864398
  21.18483390
  9.19208393
  5.41968840
  5.11936612
  5.01693113
  5.98299488
  8.70974952
  5.39735275
  10.15899511
  5.26824710
  7.18854314
  14.61835725
  9.55786252
  5.53794635
  7.88274382
  5.77890632
  5.95005970
  6.74901779
  6.81797155
  11.45742399
  7.32684063
  14.98222793
  11.80452642
  6.45027560
  9.83792800
  5.06024790
  5.18058908
  7.25969394
  11.41196030
  9.34043905
  8.39604141
  5.06846855
  21.20003364
  12.12962100
  7.89884822
  6.54270868
  9.55086422
  5.72757343
  5.40725681
  11.49136700
  5.27499071
  37.38290778
  5.45283566
  5.87308969
  12.21765236
  6.09159177
  6.84387471
  7.53186198
  6.92677218
  5.60794057
  9.24156049
  5.77770693
  7.86832799
  5.65107756
  5.10391878
  5.11890052
  6.33078711
  7.60338014
  8.37035249
  7.49155588
  5.42444488
  5.58722041
  5.01443768
  7.33799116
  5.02499980
  5.56138702
  5.05297163
  6.24624697
  6.90417764
  6.93768094
  20.33575879
  17.82099489
  5.63248021
  5.29509365
  5.73893990
  6.44537238
  5.21594656
  11.04904856
  13.19915657
  6.66657191
  6.42020250
  9.33251387
  5.89844317
  5.05701483
  6.83834581
  9.04933820
  5.22696509
  5.15154301
  5.39581914
  5.72839358
  9.20588747
  13.77274453
  5.74778941
  5.44295051
  7.92468328
  6.93965825
  5.69986271
  5.14382055
  10.24983137
  5.04446418
  6.42514828
  9.40701324
  5.06451112
  5.02926830
  5.88923600
  5.02973610
  9.37518837
  5.13085560
  8.72263137
  5.24211049
  6.11843391
  6.21619786
  5.94995385
  5.70048800
  8.35042141
  11.47096410
  6.61234387
  6.39880768
  11.66944765
  7.22124032
  5.41480325
  6.41615217
  6.15477020
  7.41453997
  8.78005606
  7.12700809
  16.10538354
  5.69204117
  7.38178930
  5.58933991
  6.14732260
  5.52087314
  5.76077998
  10.10365679
  5.18829411
  6.67379445
  5.14039831
  6.20000640
  6.25968748
  6.81931141
  5.54864807
  5.26441229
  5.75826703
  5.71501874
  8.36266780
  23.93344966
  5.24159266
  6.31903565
  9.60896006
  5.91942758
  6.12556633
  7.81360747
  7.69572174
  7.23992098
  5.83937969
  5.83122016
  8.43386214
  9.02996363
  5.72918252
  6.15715139
  11.48019377
  14.20819532
  11.20530822
  10.17183876
  6.21936721
  6.08390066
  15.54277567
  6.67707833
  5.85248779
  5.77919083
  7.23907814
  10.90870841
  6.81709203
  5.26818941
  5.55004619
  8.61385724
  6.68767560
  5.27851888
  7.07185028
  5.26446716
  6.97668081
  9.13860293
  6.34537370
  8.02176146
  5.22398021
  5.38634789
  5.23781913
  5.15695224
  12.45902589
  5.29226753
  18.14477868
  6.35456175
  8.10632766
  6.08302226
  9.67702565
  7.76807517
  6.80326443
  7.72734215
  6.99611105
  5.56985860
  6.93974425
  15.25998079
  6.96455035
  5.45027979
  5.08745126
  8.56606522
  7.04681741
  6.42209615
  6.64761941
  5.14453756
  6.81723112
  5.38170547
  5.44903278
  11.30458213
  8.53909415
  5.47173831
  7.87867614
  6.76803104
  14.75128316
  14.33943384
  9.20957168
  7.62944961
  7.06150584
  6.18937808
  5.34061047
  5.37165527
  5.74603646
  6.93805935
  7.93884409
  8.77375752
  5.31014231
  7.69583343
  7.60090570
  6.79968082
  5.27889511
  8.53407431
  6.94171014
  5.01876946
  7.08198633
  5.54983642
  7.53729738
  6.92066983
  10.17184891
  8.43886247
  5.23982884
  5.21702559
  5.27624278
  8.29811194
  5.37095579
  7.69634158
  5.59253237
  6.79927783
  7.98056145
  5.30236346
  5.79892167
  5.33523076
  6.80427746
  8.93318427
  5.95721679
  7.53026832
  5.05885000
  5.36762625
  26.83752675
  10.60433618
  5.34769298
  15.29539500
  7.19961121
  5.87443566
  32.20472065
  5.14491395
  5.77134534
  6.79381461
  6.01593323
  5.10169590
  12.47723925
  5.01238075
  8.07356187
  9.67074667
  7.12457394
  5.60292914
  6.21632191
  5.67441491
  5.00165511
  5.73163401
  5.80265362
  7.81666232
  6.63721745
  8.14424860
  5.87314324
  8.83352404
  5.90676554
  10.53468065
  6.73523396
  5.61544933
  5.82691065
  5.51824152
  7.94550117
  5.15597163
  5.18554665
  5.34864671
  8.14925231
  8.31897615
  5.70461102
  5.85384671
  5.52806101
  6.18839403
  26.49514280
  6.28795629
  16.01221851
  5.05169099
  5.62552807
  9.64490858
  6.56543217
  5.59908395
  6.11871019
  6.37950032
  5.15638730
  6.04015460
  13.34679637
  5.24647020
  6.31114723
  7.30204679
  26.69754635
  6.10256129
  10.31078015
  5.04736360
  6.48145756
  7.06983142
  12.59725786
  6.12015571
  10.08025092
  5.25052278
  5.15606995
  5.07092683
  17.73904578
  5.01852275
  14.11121210
  5.23912544
  6.35337015
  10.08835214
  6.40917958
  8.46445774
  9.98287368
  10.33364288
  6.38794911
  5.63966111
  9.96661093
  5.09473721
  5.13921631
  6.80967649
  5.01076999
  6.91996860
  5.47713735
  5.68380437
  5.04765703
  7.94284572
  6.84400559
  6.34421150
  6.56383153
  14.90705559
  5.94115514
  7.81669332
  23.98839158
  5.82140203
  7.05907550
  9.55820568
  6.85541293
  5.91655155
  6.07617350
  5.43092465
  12.71068255
  8.09545938
  6.95338469
  8.32720055
  5.15939650
  6.13727414
  5.10561724
  8.76842433
  5.45139773
  6.60655284
  7.30863541
  17.47626018
  5.16309230
  11.95044069
  8.26781646
  5.07696937
  5.62876098
  5.40654945
  5.96371121
  8.02518738
  6.97559156
  6.76504244
  11.53589504
  8.65146346
  6.40648651
  5.90802815
  5.37474158
  7.04380092
  5.95053214
  5.63869974
  6.00680119
  5.97696395
  26.91152369
  7.88740166
  6.30938384
  10.85897650
  5.44005662
  6.32335516
  6.23443782
  6.72742736
  5.35553486
  8.44141906
  5.78997050
  6.71223324
  8.85352793
  7.02730995
  7.08391460
  5.35891765
  7.16505570
  6.19920079
  5.03669289
  6.72732684
  5.50328211
  5.45831194
  7.82030402
  6.19559461
  6.08140002
  6.19237450
  11.63585554
  6.13107069
  7.32752250
  5.65018742
  7.46284553
  5.73969808
  9.03959223
  26.03268927
  5.03937913
  11.97482720
  7.80311075
  7.91561118
  8.09323698
  13.43166091
  5.35137006
  6.11846402
  10.49970082
  5.58152709
  5.23406793
  6.58401930
  5.11981120
  5.76957534
  5.66755649
  11.19555690
  11.64948494
  10.22398362
  6.01710316
  5.19250463
  14.49154309
  11.50634935
  5.82722044
  11.04380574
  6.74627826
  8.06566966
  5.13733401
  5.94557000
  5.69739621
  10.84862542
  6.23398621
  5.98307870
  8.29949784
  5.16319336
  5.62857522
  5.86531357
  5.89578555
  5.95130607
  5.37799063
  5.06973316
  5.42919809
  6.79192268
  9.52431094
  10.90292367
  5.46221191
  10.52445417
  6.61457940
  7.06479349
  5.59066263
  5.98380063
  11.63897929
  5.55815975
  5.93309484
  6.24622282
  7.50064025
  5.50966569
  5.50565394
  11.78557323
  7.01100034
  5.70959281
  6.66379086
  6.00709943
  5.17704837
  9.67497772
  6.48181525
  7.13661293
  13.10237869
  7.86657095
  5.40701361
  9.25817004
  5.00827659
  5.42397346
  6.31151397
  5.36036984
  5.27271728
  5.82218341
  5.27084663
  12.56835513
  6.57156961
  5.36055323
  12.06660183
  6.95089153
  5.98559940
  5.08873591
  11.47008046
  6.99383691
  16.85076778
  5.27652316
  7.70833420
  5.15348353
  6.70779011
  5.69444110
  8.40802722
  5.16951364
  5.47776898
  5.00173759
  5.79138527
  5.37229793
  5.99691012
  9.48980500
  5.72077436
  7.48989546
  5.04208989
  7.25585358
  5.45708752
  5.98099574
  5.77232034
  11.38913513
  5.46072264
  5.93232104
  16.40687152
  6.62240413
  13.49124030
  6.52890751
  5.97052229
  8.58842917
  5.22652320
  5.38565466
  10.67529698
  5.53339778
  5.37199687
  6.70449881
  5.47029006
  6.39306523
  8.66239431
  5.49643634
  5.96646383
  5.23130067
  7.85659650
  6.17083430
  5.14331555
  6.09758346
  5.37377768
  5.71237192
  7.12983370
  8.48716826
  5.74488319
  5.46668086
  5.15476301
  16.50464160
  5.06547876
  5.76947210
  6.00538462
  5.36061516
  5.13326372
  5.63227607
  7.01820714
  5.02033393
  5.18421057
  6.96087006
  8.85953270
  9.57546306
  8.44954360
  15.87646168
  5.51101244
  5.15586820
  5.37502554
  5.34381578
  7.56456142
  6.83467379
  5.27660575
  7.14065878
  5.28423606
  6.29742708
  5.59363308
  5.63929696
  8.68142897
  6.71813723
  5.13330095
  8.37694109
  13.90141092
  5.85391138
  5.24481408
  7.94912332
  8.84347407
  20.36210522
  6.15165039
  7.96298579
  5.35910876
  15.17065153
  5.68288561
  12.25487092
  5.72631969
  10.95802473
  6.51665183
  9.39914800
  9.31996035
  5.03357977
  5.45987046
  5.42291653
  5.27288606
  5.31378876
  5.90715278
  5.30814190
  5.95284288
  6.42922278
  8.50119666
  5.36383446
  7.39284484
  6.42857144
  5.93592950
  5.64616637
  11.67048016
  5.61296301
  6.32211807
  6.71946402
  5.51741562
  5.41297318
  5.54491505
  16.02855400
  6.61573940
  22.62920081
  6.89209598
  12.37802805
  5.57701732
  5.17437968
  6.56990287
  6.47034460
  6.59226570
  6.15378789
  6.10808996
  5.05149290
  5.96468708
  7.32247902
  6.37107402
  6.79716224
  5.03671470
  6.15608690
  5.08840760
  5.86897195
  5.67884089
  5.75352396
  5.42882971
  14.93566627
  5.06159429
  6.06892036
  6.61362205
  10.67425757
  8.51518357
  10.63745009
  6.99709202
  7.15310364
  13.26435656
  6.10900426
  5.33313927
  10.00500014
  11.97349139
  8.75389453
  5.68418110
  7.04094402
  8.78513348
  5.69221025
  5.21673797
  6.36858033
  5.11131725
  6.57284848
  6.19685997
  5.57324036
  7.36768336
  8.61212936
  6.71504390
  5.60129117
  8.60652872
  5.47235355
  6.26450455
  8.56843061
  6.08067191
  5.67198795
  8.13047803
  5.06203462
  5.31468792
  5.62352233
  10.87896729
  5.74548585
  15.46404090
  5.79732942
  7.27697656
  5.39494090
  16.45530547
  5.80732179
  9.51375457
  8.98952422
  6.69917400
  10.40887630
  5.21761633
  5.20074691
  5.13197873
  8.14774862
  14.08859614
  9.85636247
  7.32370385
  5.59434185
  7.66069949
  5.30657058
  15.21125440
  5.31097382
  5.46303807
  5.85580301
  13.85727745
  7.32174904
  7.11158699
  7.64725995
  6.14200901
  6.94599399
  5.87271033
  5.60577359
  5.96794730
  7.61459939
  5.24738922
  13.23082156
  5.26327763
  8.56598723
  5.90643699
  7.52033442
  6.87937780
  10.39750610
  6.45446734
  7.27479594
  5.82414200
  11.10425586
  5.72440111
  8.31321056
  5.12983083
  8.34298322
  5.65644249
  10.71793003
  5.79187695
  12.61883786
  5.61930045
  6.89377893
  6.00126366
  5.18462020
  5.40791281
  18.89091964
  5.83108086
  5.42659046
  7.31953425
  11.08131786
  5.42048581
  6.32582826
  5.32451605
  10.33465279
  5.96429036
  10.00772896
  5.18439074
  6.76830071
  5.27995822
  9.11279019
  8.64197641
  5.09126316
  5.36062724
  5.05917933
  15.10238106
  8.34467517
  9.90808925
  6.47641472
  5.82921155
  6.83435983
  12.05372701
  7.76577266
  5.41277617
  6.00015777
  6.18857864
  13.34152792
  6.70897449
  5.31529609
  5.90972927
  6.68392457
  11.48972262
  5.32325989
  6.47010239
  6.38971376
  5.11123119
  7.99121159
  6.54959942
  5.77266107
  7.68648593
  6.33208788
  7.00073173
  16.74256160
  7.76081269
  6.54876237
  5.96286842
  6.34038577
  8.16925992
  8.52803735
  9.78000745
  6.71913117
  6.40155484
  6.21553096
  7.18583198
  7.11249961
  6.30041838
  5.60358711
  8.51117869
  7.20399697
  5.27219286
  5.55030777
  5.57251943
  15.37416382
  5.14200345
  8.09546791
  8.76534950
  7.66414381
  8.45938207
  9.76819630
  5.87787187
  6.05035782
  5.04428651
  6.34464588
  6.44579843
  6.62714054
  9.67429807
  9.21076253
  5.42582846
  5.23873244
  7.40980591
  5.04713594
  8.40656576
  5.32430223
  7.84925015
  5.84362154
  8.37106507
  6.63860630
  6.07898088
  6.23874798
  5.16351828
  5.92641776
  5.19172691
  6.71437751
  5.70317549
  6.76616314
  8.66858982
  7.59336725
  8.87420506
  5.35412918
  5.60452589
  5.83912968
  6.03992362
  6.81683382
  6.67577709
  7.34864412
  6.11053675
  5.33533310
  5.04458381
  13.45913251
  8.03265717
  6.34319750
  5.08637779
  6.91837646
  6.22969810
  5.24067344
  9.95731503
  5.63237270
  9.35992753
  18.40722242
  7.97085763
  6.47478515
  5.33200275
  8.13135838
  5.08744260
  5.13061855
  6.25082574
  5.69636945
  5.64774609
  8.91715566
  10.24894531
  5.95441099
  5.57703901
  5.16338903
  5.25054482
  5.66276554
  5.87419147
  9.00256931
  6.13385921
  5.14313719
  5.36825614
  6.57885268
  5.76320977
  5.78073384
  6.24539866
  9.88168341
  6.11553023
  6.06499474
  5.84188894
  5.40617183
  7.71500303
  5.29788518
  5.46893359
  5.07838374
  5.56656026
  13.92123531
  8.04797232
  15.83308159
  6.22304139
  14.46507805
  5.34143075
  5.07141181
  8.78457735
  5.76832668
  12.77557081
  6.99031198
  5.22582189
  6.15781400
  5.12206794
  5.36673804
  11.72684167
  5.05645648
  7.64474936
  5.23676625
  9.06591519
  6.01371838
  5.19635982
  5.30463146
  9.89437499
  7.26336245
  8.87458070
  5.45414510
  5.98024105
  6.01399669
  6.77282199
  6.64170145
  5.71218336
  11.25087957
  5.07087376
  5.90226014
  9.77736908
  6.13504188
  6.21828599
  5.20862983
  5.48656838
  6.50781128
  5.04594236
  6.02785048
  9.90430558
  8.38628861
  5.07813724
  6.68267294
  5.04287104
  5.52632759
  11.85903952
  11.50596019
  7.07089098
  7.81117365
  5.94665901
  10.05994249
  6.75087911
  6.54710240
  10.38236267
  5.82649192
  12.70251984
  7.94164934
  6.35499110
  5.00572409
  5.48455976
  6.31588157
  5.75025333
  7.05693310
  7.04257546
  14.09213409
  5.05210229
  7.13438014
  7.29843307
  5.20484087
  24.08615500
  5.47588446
  5.59718157
  35.07554618
  6.44123404
  14.20009863
  6.00607671
  11.65870296
  9.85876427
  5.70880621
  10.59460913
  5.01801411
  5.16771064
  10.58503260
  6.69892092
  5.81423822
  5.59144702
  8.37072042
  16.78113009
  6.97055792
  6.43702293
  5.07897805
  8.94938375
  5.21127498
  5.14806563
  5.53777254
  6.61088408
  7.03338873
  7.82223820
  5.50066681
  5.13632660
  5.11535744
  9.64270545
  5.14407533
  23.56967201
  6.03313599
  9.38598944
  15.99993994
  6.37792128
  18.81102968
  12.14374976
  13.46557079
  6.34944165
  12.33816816
  5.49901326
  6.47898788
  5.70271796
  5.44129644
  5.65189577
  7.06683919
  5.00375292
  5.83241907
  5.60700855
  5.02037425
  7.69343275
  6.08722586
  42.03938403
  10.57159474
  7.68618228
  7.62750111
  5.28652253
  7.04257880
  8.26880950
  6.02245363
  7.63604630
  9.79214739
  16.30529202
  8.21698881
  5.66945925
  6.47550585
  5.20658920
  9.76678226
  17.16827069
  10.17921617
  5.86677070
  6.23236195
  10.50899551
  5.16619789
  5.68313800
  11.68291413
  8.28620852
  5.08436568
  6.99059842
  5.58419579
  8.94222880
  6.79087187
  5.20206577
  7.78083982
  5.41322567
  13.16646526
  8.06070039
  5.52084142
  5.48378686
  5.75894956
  5.23227266
  5.49370109
  5.08712555
  5.20527710
  6.43070806
  5.23464249
  6.09129695
  5.04713082
  10.22585281
  5.59147160
  5.89679120
  14.04580742
  5.03586841
  5.02048401
  6.85345001
  6.03215077
  7.03810360
  6.87761422
  5.78885655
  8.48588007
  5.39709861
  6.22277843
  10.86003858
  6.87825539
  5.28310840
  6.93387202
  5.13147687
  5.17333682
  9.06592522
  5.36501196
  16.86425227
  7.65568930
  6.23395711
  5.36895814
  5.47153339
  8.05905363
  5.89547605
  6.93144681
  5.00209799
  8.92525690
  21.86971109
  5.76028158
  8.00060295
  30.21508939
  5.46636127
  10.14583641
  10.60622613
  5.98538799
  10.42283454
  6.50340652
  8.71624188
  5.03218529
  22.13219242
  7.78916855
  5.80121057
  50.65046630
  7.62100610
  5.67708562
  5.38453189
  16.94871196
  5.62645787
  6.62277702
  5.89485226
  10.86243334
  5.20148827
  8.23610258
  6.87710498
  8.44610904
  5.29848853
  5.63665329
  8.22824153
  6.96064235
  5.05862666
  6.18877523
  5.99954305
  6.22046339
  10.44976671
  6.53637082
  5.26477949
  5.97740735
  5.69609277
  10.07797206
  6.63705143
  19.07598573
  7.29423970
  6.79901020
  5.56891940
  8.34287410
  5.71519109
  5.33737215
  5.71328532
  6.35498349
  6.51905936
  5.96331805
  8.17082695
  7.59777366
  7.95885205
  5.27115043
  8.23452292
  5.22301881
  8.41441950
  5.20087895
  6.53703918
  6.55910152
  6.81640863
  10.56883449
  6.20541230
  5.38295438
  9.32880635
  11.86890166
  7.53701086
  5.06576074
  5.69810985
  5.21944101
  5.67920570
  5.63038902
  6.30158909
  6.11527668
  5.15953034
  7.67573993
  8.24379161
  5.70402000
  6.37377060
  5.67124827
  6.72564239
  8.38991707
  5.10112526
  6.36743138
  6.40270032
  6.25244614
  6.54444814
  6.83216989
  8.89222615
  15.98443690
  5.40317701
  8.75158882
  5.17454565
  8.28535076
  11.85883497
  6.05563902
  9.43791541
  8.53751769
  5.06390252
  5.60796389
  6.65772091
  9.84853726
  6.49127868
  14.40969854
  17.16374110
  6.51869072
  5.93835585
  5.56006234
  6.57559162
  5.08486460
  6.95058371
  5.04799002
  10.36073591
  6.99541207
  5.23231258
  7.27666237
  5.73184297
  7.34948606
  6.42274771
  16.78419810
  5.24638195
  5.52368954
  7.75428952
  5.42045524
  9.08609400
  5.93259488
  11.44174259
  15.79672491
  5.33955681
  6.49165352
  5.82056920
  6.05822907
  5.18645956
  11.27733032
  5.84155488
  6.68700513
  5.40781084
  6.54700993
  10.16217943
  11.96904708
  5.39667533
  5.62197402
  5.82351987
  9.19679260
  6.34621367
  6.18833627
  5.42770041
  9.75783175
  5.95837304
  5.49983003
  8.07931070
  6.07793079
  12.58659561
  5.17217321
  7.06978016
  21.93639240
  8.97138778
  5.54526793
  8.42450552
  5.92889279
  17.78201712
  13.58274655
  5.99405195
  8.39170573
  5.27217377
  5.94351088
  5.76611717
  6.49797988
  6.35408113
  7.82968846
  15.73824752
  5.57652004
  7.14369542
  5.04759614
  6.28873421
  5.76030810
  5.04278464
  8.01372569
  7.54043077
  6.18419829
  5.29889725
  5.01816817
  5.14498871
  5.72744994
  5.64625355
  5.81463849
  6.74576054
  7.12092625
  5.53056484
  6.77331210
  11.64876285
  5.46461657
  11.97671071
  5.74895656
  7.59630950
  5.96543709
  9.01987561
  7.16631814
  8.08073600
  7.25761988
  5.63020170
  5.20481656
  8.12070554
  5.48764881
  5.19597840
  15.49316757
  6.95243603
  16.96767739
  7.24813861
  5.25217723
  5.85956721
  9.69341801
  7.43605941
  5.20604502
  5.86545474
  7.41284624
  5.28692228
  6.14130951
  6.06831930
  9.97975322
  5.74850925
  6.56411750
  5.06887707
