  2.19020606
  2.45955395
  4.72358140
  5.61722603
  4.15412333
  2.48424793
  1.33951495
  1.31846526
  1.32668064
  6.90983231
  3.19593610
  1.42763422
  2.54327389
  3.65609634
  4.11963491
  1.43738352
  1.86275208
  3.43107351
  2.85471120
  1.75708029
  1.85804322
  3.00907017
  2.33370077
  2.81566240
  2.83836593
  2.06296797
  3.02229299
  2.83403456
  3.09444365
  3.31220631
  1.63086584
  2.40673239
  1.24583080
  3.27196585
  2.75387674
  2.85421352
  1.21016684
  1.51193712
  6.07196743
  2.71319976
  1.72210395
  2.44985673
  2.37419499
  2.04218234
  5.99494798
  4.34802451
  3.48209077
  1.56723703
  1.24662403
  1.47708949
  1.26671159
  2.18065853
  1.52977233
  2.14246118
  2.32638358
  2.47523285
  6.09697021
  2.25236175
  1.94758234
  2.27099170
  2.23506153
  4.47025139
  6.13703511
  1.56302480
  2.03142607
  1.94045336
  2.65686452
  2.11356441
  3.25236404
  2.34777867
  2.38716233
  9.06123515
  1.83929342
  1.33605423
  5.08925886
  1.94666589
  4.44859241
  2.11669995
  3.09803508
  3.83716806
  2.33460119
  2.13547516
  2.75235076
  2.04759143
  7.42111401
  1.28412375
  1.43702180
  1.47109418
  4.00947126
  2.55006952
  1.41695751
  2.37305058
  1.69894945
  2.56893689
  1.47178740
  2.30995061
  5.57886233
  3.06062813
  1.49600688
  8.38474849
  2.78626688
  3.55368726
  2.81775263
  6.00707417
  1.76693881
  1.57487176
  5.12568998
  1.79333336
  1.85615523
  1.29156991
  2.04275717
  1.67220389
  1.84228904
  3.62613120
  1.55954804
  3.11592595
  2.59361532
  3.78174661
  1.81049735
  2.50880907
  2.18976359
  6.29074865
  3.77168301
  2.14185168
  2.06027911
  2.13857629
  10.64410206
  1.83964162
  5.12222347
  2.45101485
  3.07242831
  2.22866973
  2.01018275
  3.28448358
  7.25101633
  2.83777119
  1.84401484
  1.57370838
  6.31494940
  4.51078845
  1.60675647
  2.21844813
  1.94294425
  1.95556340
  1.44453393
  2.42943567
  1.47404101
  3.71350232
  1.94736525
  4.38630015
  2.25731964
  1.64560733
  3.67442034
  3.46084482
  4.48208750
  2.12147089
  3.48948230
  1.69072805
  5.47292048
  4.16790666
  2.08993912
  1.37679065
  4.24770910
  3.99985397
  2.55267564
  1.77869051
  2.75801335
  1.48586387
  3.13487989
  2.18089981
  2.45752457
  4.78420223
  1.73327702
  4.41516287
  1.96739916
  3.14307924
  1.93902772
  1.56698134
  5.28358799
  2.53337135
  2.61646240
  3.22541686
  2.63209678
  2.79416239
  2.21833350
  3.50113305
  2.19518381
  4.17762331
  1.70563797
  3.22347396
  3.57661510
  2.37989635
  2.57743075
  6.41729376
  7.31705257
  4.22922026
  1.72784572
  1.20674122
  1.89313912
  2.80447870
  6.15396319
  4.47761821
  4.13271213
  1.71775160
  6.76551714
  2.37892859
  1.92693116
  2.97498022
  3.90683745
  4.66028677
  2.97946753
  2.71129517
  3.47267189
  2.93263137
  3.11149841
  2.32024933
  2.48560902
  1.56906321
  3.22811280
  4.19289178
  2.77930643
  3.53461989
  1.27965126
  1.66561120
  1.65387353
  4.87938689
  2.06892026
  1.58386672
  9.53483962
  2.06386468
  3.44134149
  1.92678046
  4.13718986
  5.10699501
  3.30058930
  2.11350620
  2.73328384
  3.79885104
  1.87147538
  1.75312449
  1.67633564
  3.89609085
  2.86476915
  1.51698479
  9.09150207
  1.38117980
  1.46681586
  2.02426136
  3.95282194
  2.96399452
  7.27931914
  1.77085485
  1.48949224
  3.13752043
  4.70426943
  2.23096619
  4.46866568
  1.91688008
  2.39099189
  4.92046135
  3.65822052
  3.79170256
  2.89355810
  3.03631844
  3.02961029
  2.85418240
  1.51401661
  5.10418127
  2.60160353
  5.23924505
  2.86692729
  14.10887440
  9.36021685
  4.06782458
  2.42719781
  3.66502469
  2.52989119
  2.19863338
  3.81438733
  3.03150115
  4.03314388
  3.49642162
  2.56839716
  4.03251176
  8.24429327
  3.04300467
  1.74181234
  4.49204318
  2.43324273
  5.54999295
  2.25306684
  3.83062812
  5.56686592
  1.39787864
  3.86638750
  2.44956882
  2.47397354
  7.53060277
  2.26329753
  1.59455487
  4.55590521
  5.12306652
  4.18412701
  3.25681102
  1.14157376
  6.47508528
  1.71969829
  3.05510156
  4.52312608
  2.21756126
  3.44744268
  1.80261621
  2.75443156
  2.46367934
  14.38729392
  1.59013572
  1.98115966
  1.68831084
  1.57741829
  1.60280220
  3.25903986
  2.82964315
  2.60336424
  2.76609738
  2.20475792
  3.59319117
  1.43640612
  5.21780366
  2.18748165
  3.26637738
  2.16938297
  3.49426079
  2.35064325
  3.63915066
  1.43010278
  1.68904443
  1.61042033
  3.16740597
  1.66608531
  2.33441804
  1.92506309
  2.51599302
  2.16697606
  3.94742021
  4.79800767
  2.31014719
  1.19227592
  2.37469397
  1.89569413
  1.93089370
  3.73881639
  1.96578426
  3.49262300
  6.30966702
  4.82844374
  3.40291916
  1.60832354
  2.87154417
  2.23309361
  1.52155420
  2.00866048
  2.14234804
  2.36379413
  1.55158371
  1.42699583
  2.79819496
  1.28356959
  7.94296006
  1.35442215
  9.00770454
  2.04058493
  1.34091417
  4.64399237
  2.58229022
  3.30626071
  3.26890744
  2.48848464
  3.12770287
  3.59663028
  1.98768424
  1.37659550
  2.41924608
  2.34511304
  1.86152489
  2.18377851
  2.57522437
  2.98982911
  1.60075007
  3.00128283
  1.47645729
  1.19431844
  1.38385616
  3.80103249
  2.60045203
  3.37430938
  1.54451228
  2.23016942
  2.03368238
  3.21333258
  2.62256268
  2.04982118
  6.08863131
  1.88604554
  2.49557053
  2.77474775
  1.33448685
  2.14740454
  3.15403629
  4.19262584
  2.33871302
  4.47569318
  6.07490317
  1.68374558
  3.76967165
  4.12432959
  1.63081946
  2.47424507
  1.71625760
  1.88380072
  1.36679515
  10.30489733
  1.68144371
  1.70185548
  7.59403087
  3.57569112
  2.39714490
  2.63283187
  1.51770850
  1.52192747
  2.31476919
  2.50465202
  1.60813770
  3.21930596
  1.51071629
  3.04822798
  2.03839987
  3.74163757
  1.81629158
  4.69655944
  4.87070249
  1.74719269
  3.05573711
  3.88924358
  1.33438573
  1.67898546
  2.85874112
  2.25858667
  3.09563927
  3.49801856
  1.79237948
  1.41697526
  2.34473850
  5.20920004
  2.86094873
  3.22309355
  4.75426702
  3.18582963
  1.99446514
  1.46779056
  4.00877269
  1.54485009
  1.92352479
  3.86492553
  1.93531816
  3.48399856
  3.58631880
  4.53929686
  1.54936676
  6.00182335
  7.85260404
  1.52969695
  4.18279601
  2.13739978
  1.95238667
  2.15712066
  3.14600316
  3.67342379
  2.31421579
  4.63407728
  4.03027720
  1.84895241
  1.21389779
  2.86657352
  4.08956686
  11.83943887
  2.73364917
  3.32598415
  1.80117748
  4.06982078
  2.37159214
  1.58749962
  1.78009272
  1.99381238
  1.57817058
  1.84065754
  1.81443901
  5.16928362
  1.56144890
  2.38918901
  2.42196756
  4.00202197
  2.15465324
  1.50550444
  2.97298865
  2.10878771
  2.17255520
  2.25824603
  3.00660342
  3.09180484
  2.79533347
  1.98566446
  6.51671140
  2.48448862
  3.95189374
  1.55354213
  2.03634835
  2.18038045
  5.90554006
  2.93923224
  1.70368687
  3.07187966
  2.73722108
  3.39453475
  3.10301601
  1.46382204
  2.67148752
  2.93757625
  1.46774551
  3.42686176
  3.60216511
  1.44070479
  3.58566312
  3.54486021
  3.27012037
  1.67399421
  2.49659909
  2.38824791
  2.24549076
  1.72117734
  8.47029535
  1.63806029
  3.25588827
  2.74599641
  4.17291108
  6.56944666
  2.23687355
  10.49925728
  2.42440810
  2.68854164
  4.15991981
  3.27924322
  2.31503118
  1.77405886
  10.58668745
  2.04183568
  1.97482257
  4.53802636
  1.78387693
  1.60430894
  2.15048742
  1.97531423
  1.25854852
  3.99480620
  1.57669652
  1.75500784
  1.79893440
  2.14822854
  1.63153459
  1.96550038
  1.42708291
  2.73534411
  6.52940547
  1.92822071
  2.59734860
  4.05091334
  4.81820526
  2.08147076
  1.91999983
  3.42031803
  3.93933517
  2.87197997
  1.47320572
  3.86167553
  2.57145178
  2.84387329
  1.69648640
  2.89297702
  2.43696316
  3.68287804
  1.82958925
  2.04581907
  2.96330394
  1.98251196
  3.06337784
  2.24964913
  5.67908883
  1.84478699
  3.18034700
  1.86208092
  2.52022164
  19.45039364
  8.61844085
  1.74872909
  2.41144479
  3.89736712
  4.84919136
  1.92246188
  3.42686041
  1.78254549
  2.63090860
  2.31144970
  2.15567973
  2.63923225
  1.42690295
  3.65896114
  1.31926555
  2.06258244
  3.80749089
  1.56449703
  4.78990295
  2.63222340
  1.35317953
  2.14932693
  1.22476579
  1.89115638
  3.32954364
  1.21207872
  1.11927201
  1.56246815
  2.93386595
  2.58431426
  2.06839954
  2.11021914
  2.27506768
  1.98391373
  1.53200737
  1.08173738
  2.17351639
  1.21113551
  1.53715080
  1.87962291
  1.33609768
  1.57359920
  4.25129170
  3.50638379
  2.93275900
  1.69409762
  3.85757112
  3.14332846
  1.68909053
  1.67123422
  1.76616243
  2.12438699
  1.27781106
  2.53736388
  3.54880107
  4.79438170
  6.66072014
  3.40881183
  6.15459950
  1.33380232
  3.20879604
  6.45751789
  4.19929702
  9.74994758
  3.34694473
  1.19902174
  1.90265741
  1.67022030
  2.83765352
  2.00236702
  2.96133093
  2.57637870
  5.14574533
  1.50470762
  4.45276400
  4.35854768
  2.97923726
  2.63134107
  2.01800080
  1.82243210
  5.05998555
  5.83109582
  1.26256259
  1.61949603
  2.78624809
  4.34683506
  3.64709336
  1.46685930
  2.47231606
  1.58662667
  1.15698304
  2.79350381
  3.75100507
  2.90265098
  1.75146131
  4.31577999
  2.75222471
  2.19029335
  3.05071665
  3.92533144
  1.64742270
  2.44133993
  1.46122268
  2.11220065
  2.05559833
  2.26990473
  1.75712123
  1.83718352
  3.13914236
  5.46757605
  1.24242442
  4.71126456
  1.79248961
  3.74295225
  1.88513143
  1.82539043
  4.01192391
  1.80925284
  5.09348284
  1.38541246
  2.65610443
  3.28125753
  6.10033574
  2.16358004
  1.89668073
  5.41907474
  2.53327528
  7.81475630
  2.02498605
  1.92158988
  1.66922877
  1.57599993
  1.34039462
  3.44019454
  2.35392281
  2.94694899
  1.56094149
  3.62636678
  3.77371672
  3.98073305
  7.84219819
  1.79214083
  2.58315516
  1.86993894
  4.94351137
  4.68143444
  3.66924862
  2.72304134
  5.66052743
  2.61902658
  1.48923245
  2.12080853
  1.82117297
  4.13158585
  3.42254099
  4.35201708
  5.50498626
  2.33575570
  2.89412281
  1.36528845
  2.39584804
  1.79090767
  2.42283228
  1.38073352
  3.66084245
  1.66363427
  1.35648931
  1.95328913
  16.32162411
  1.20762320
  1.71591613
  1.95065258
  1.69360304
  3.01186681
  2.05467309
  1.72645209
  2.93854902
  3.19988661
  4.45776358
  2.48679687
  5.01979840
  1.87338664
  2.01243798
  2.66575195
  5.67315331
  2.32551916
  8.73153130
  4.32647411
  1.43493172
  1.52923754
  2.72265324
  1.87007713
  1.86115798
  2.42211204
  2.80420974
  1.80171643
  1.57778773
  2.14085800
  2.26492706
  3.13685774
  1.86807870
  2.47760108
  1.51797774
  2.31708773
  2.96812086
  1.66270559
  1.52451411
  1.36101341
  1.82459072
  1.65765797
  1.48946011
  1.73444763
  2.53630346
  1.62682742
  8.65001643
  2.47832810
  1.78692503
  2.01327362
  2.89070826
  1.89153433
  1.51293530
  6.35303861
  3.23669892
  1.30406856
  1.70854794
  4.06986538
  2.55907351
  2.15627704
  5.90189918
  2.31747749
  1.77235972
  3.14015802
  2.44519224
  5.44046721
  2.80037190
  2.83583809
  1.55665050
  6.11834137
  1.88107991
  1.74989892
  1.83506254
  5.22876681
  6.43965260
  1.87057220
  1.26328933
  3.28678000
  1.74682221
  2.58130380
  1.76954397
  3.05003643
  5.20377500
  2.05731498
  1.97487294
  2.96983718
  6.04549751
  1.30507398
  2.34764255
  4.08766945
  2.17597199
  3.79871781
  1.77044918
  1.43178906
  7.02510109
  3.62344725
  6.20467596
  4.92768580
  14.25859705
  5.00403669
  8.74930597
  5.67105368
  1.22066441
  1.84089233
  6.82222444
  2.07953989
  2.69865620
  2.98131530
  2.08620806
  1.90670103
  2.58620299
  4.92183355
  1.80673010
  6.44343248
  2.26067837
  5.53005147
  4.66888640
  1.47414047
  2.08246078
  1.73311035
  5.67466582
  4.71180580
  1.62944476
  1.60540743
  4.07301439
  1.89923645
  1.51268080
  1.38322914
  1.63767648
  2.27342109
  8.34413531
  3.75800335
  4.68902224
  4.04880547
  3.20356836
  1.99252191
  2.42951740
  1.54073598
  2.35093811
  2.28863011
  1.88030639
  1.24378677
  4.96421202
  1.57166748
  1.47481794
  3.42236502
  6.74540074
  4.20550870
  2.32558259
  1.68117898
  1.74907317
  2.06133085
  1.39791457
  1.65352275
  1.97532732
  4.03440692
  4.89504742
  2.98452894
  5.55285667
  2.24015961
  2.37938525
  1.79851334
  2.83583966
  1.38075111
  1.80938257
  2.03152519
  2.94594650
  1.75711195
  1.65998203
  2.18811519
  3.00304479
  2.17678582
  2.47442706
  3.99928198
  3.70568042
  1.84348466
  1.58148875
  1.32445641
  3.34997658
  3.80619766
  1.81545269
  1.55922518
  1.88200672
  2.44909762
  3.72948405
  2.99768047
  2.13830429
  7.08110204
  2.24163369
  5.49815228
  1.25817623
  1.63369666
  1.91871785
  1.37700225
  3.27351259
  3.32172757
  1.49404475
  3.15801424
  4.37206367
  2.73938558
  2.62684349
  2.17551032
  1.36578570
  2.15750275
  2.52119591
  3.05959028
  8.25160802
  2.31259346
  1.81087578
  2.57737333
  2.31676553
  5.38928200
  2.34450718
  2.01197800
  2.01314363
  1.84988157
  4.38328321
  3.44100545
  5.95211769
  2.93929414
  3.90750604
  1.94381847
  2.09653676
  2.65486687
  2.98521211
  2.63589358
  5.11291137
  3.16480714
  1.96043452
  2.86864078
  2.78317430
  1.25181407
  4.16447919
  3.38287793
  2.02749718
  3.56310414
  1.32752202
  2.66103692
  1.66797444
  9.24205947
  1.29404267
  1.95156382
  2.69691388
  2.50123557
  7.78669879
  2.09597854
  1.37944544
  3.40456581
  2.24093749
  1.93951741
  2.20000296
  6.96969032
  5.05410343
  2.68441101
  2.48201109
  1.78082776
  1.49781051
  2.79251365
  2.09664947
  1.71569825
  2.60528623
  2.91792341
  8.78057907
  3.18945741
  2.87533010
  1.74020102
  1.69028896
  7.18455437
  1.49899832
  2.21870724
  1.39562050
  3.17353771
  2.52818827
  2.02804206
  3.16497172
  1.47051815
  1.81806810
  1.92733476
  1.99688703
  1.84828802
  2.18008542
  1.87956228
  3.26923661
  2.91700973
  1.84001400
  1.99968846
  3.82298921
  1.69870236
  4.11997142
  2.88650768
  2.72003191
  5.19601760
  3.98128870
  4.97869264
  7.04253648
  1.90665617
  3.10048838
  4.54521110
  1.78896730
  2.60846901
  1.33319213
  2.00255981
  1.64251857
  4.23363148
  6.00745038
  1.26606588
  2.72687500
  3.16762958
  1.30534663
  1.32595529
  2.10931230
  2.31335374
  1.94538211
  2.33103060
  1.20944664
  2.54244859
  3.28323176
  2.63849550
  3.40973538
  3.92620947
  2.40481496
  5.09958441
  2.05480907
  1.66729923
  2.00104604
  1.70821266
  2.02064433
  1.93787713
  2.75099211
  2.23362073
  1.38721650
  3.13079354
  1.81052848
  3.41052612
  2.80255713
  2.08792971
  3.19453548
  6.06109081
  9.46540795
  3.77917145
  6.89179196
  2.96089532
  1.42456702
  3.87028630
  3.13286360
  2.62689021
  4.60089547
  4.61438895
  2.14010747
  2.99414366
  5.00881312
  10.26159929
  6.28962719
  4.06687050
  2.05165162
  5.46328326
  3.55002193
  3.19060045
  3.13099862
  4.64336003
  5.06547752
  2.41488231
  4.32945445
  2.51819836
  1.54113939
  1.96069405
  1.91693139
  2.08985999
  5.16051105
  2.17042198
  6.05941615
  2.73713662
  4.13638270
  2.88389049
  1.76028726
  1.34078949
  2.89338242
  2.91248211
  1.88384125
  2.49699663
  4.76448954
  1.78347049
  6.28788285
  1.68621892
  3.90468950
  1.56560969
  2.56145057
  6.00950852
  1.65714752
  1.76333584
  1.94791451
  3.08824398
  6.38677161
  7.98715264
  1.29096063
  1.61024525
  3.70975447
  2.51618694
  3.16780606
  1.37510600
  4.20432784
  2.49375020
  3.38030647
  3.27903807
  3.28162818
  2.57985391
  1.52473863
  1.56106632
  2.80085140
  4.53218259
  1.15817036
  5.77135592
  4.13619557
  2.78992513
  2.44229524
  2.00331926
  1.81762146
  1.36296181
  1.41778405
  2.89755145
  4.18615690
  2.73053514
  2.22695709
  2.22061506
  2.45497761
  2.23860984
  1.44441236
  6.50832780
  2.43721084
  6.87901767
  5.26307176
  2.18951790
  5.12538438
  1.38069874
  1.90318510
  6.33115695
  1.89335443
  1.71812301
  1.65402782
  11.56673188
  1.47996881
  4.30339678
  2.82996461
  1.73163480
  4.24876822
  4.26484837
  3.34558322
  6.48687818
  5.56695765
  2.85723871
  3.54980275
  2.66276291
  2.19034291
  4.82192491
  2.72220193
  1.50563038
  6.24758530
  3.36761798
  3.54293868
  3.11480587
  3.62053363
  3.39829151
  2.62389598
  1.60319745
  1.33793651
  2.13934211
  1.93915118
  5.30723419
  1.83729774
  2.51611207
  2.93055810
  2.02042906
  1.42929331
  13.19082504
  3.99931858
  3.59577649
  3.84990968
  6.17028552
  4.03869548
  4.43769837
  2.20935885
  2.01324023
  3.08247842
  2.13918107
  1.84794709
  1.88148198
  3.94927266
  1.26767246
  3.17909947
  1.78728199
  5.04169492
  2.61750017
  1.73334969
  2.07335370
  5.35577460
  4.05131031
  4.05525661
  1.32306012
  4.11140646
  1.04576768
  3.94904720
  2.24735900
  2.16960554
  2.60781751
  2.30803396
  1.34040470
  1.96834615
  1.54898317
  1.91782370
  1.99772239
  2.75003441
  5.97442070
  1.64455230
  2.61991630
  1.53701736
  4.53857176
  1.58043839
  1.80203340
  2.63080820
  2.75103045
  2.54285460
  1.61557698
  3.51046978
  2.42353857
  18.05126484
  7.81848771
  2.19665376
  1.50545109
  2.15952774
  2.17194442
  4.33642278
  2.77191610
  6.28805936
  1.59526297
  3.51125790
  1.64628433
  2.67561366
  3.81786815
  1.48535430
  1.73398774
  4.46963222
  1.69608006
  1.90217055
  2.61498953
  3.62392861
  3.12862352
  1.57724550
  3.37881523
  2.76065417
  1.98855944
  2.05055298
  1.55388375
  1.22427404
  2.03429843
  3.25442412
  1.89290672
  3.74313139
  1.55974369
  1.69396830
  1.69764678
  1.25647651
  1.27851489
  2.47971702
  1.52445640
  5.79739176
  2.93041489
  1.74399126
  1.70862448
  6.12588278
  2.23051297
  4.00717733
  2.47175382
  3.08222264
  5.24560102
  1.99228716
  3.81813337
  1.85601987
  2.25884703
  4.76478808
  1.81004985
  3.71580877
  3.42535635
  2.19401544
  1.58490469
  2.16237562
  3.36482009
  1.49412046
  3.52277140
  3.96025074
  14.44318064
  4.52088644
  1.29437109
  4.84827467
  2.87363748
  5.72762247
  6.86435264
  1.49826483
  3.70262340
  3.40175089
  1.86745050
  2.80511743
  1.98850623
  1.61800737
  2.38017998
  2.35150766
  3.72590520
  2.79520622
  4.30168793
  1.41091193
  4.26170046
  2.86015830
  4.49903061
  2.90673453
  1.32800559
  2.79138197
  4.58734241
  2.22218872
  1.27865439
  3.43954952
  1.40157270
  2.80261709
  6.82040647
  2.32516188
  2.57500458
  3.20693783
  2.22661326
  2.39593397
  1.82549269
  1.15452133
  2.44657965
  2.01777974
  1.12569836
  1.26047011
  2.41881230
  3.96677180
  6.22283176
  1.13176098
  1.99158001
  1.58332425
  2.20593567
  2.62553785
  1.42164015
  2.69819014
  4.04693228
  1.44046048
  2.84867379
  2.94919796
  1.48286620
  3.93478338
  1.62199197
  5.88568109
  2.42421928
  1.87194629
  2.02044155
  1.46325170
  3.59686627
  6.05952124
  5.55063922
  9.03601941
  3.65835771
  2.25490029
  6.16957936
  8.54606275
  1.99188056
  2.62330045
  6.26352023
  2.28528674
  2.38940444
  4.73331592
  2.86928781
  1.72395411
  5.03269751
  4.53668367
  2.85647611
  2.75288916
  1.66401856
  2.13825429
  4.30789689
  2.01972766
  2.15467909
  3.11008712
  1.37330324
  1.95901441
  8.45273197
  1.92308472
  1.66616649
  2.89050918
  1.19504846
  2.32904898
  1.34591056
  1.49535832
  4.09954237
  3.29642662
  2.51068997
  2.87810526
  3.47321843
  3.04207565
  2.22298193
  6.72130060
  3.37059044
  1.29521621
  1.45468861
  1.62222654
  3.62470175
  2.64713736
  2.96525420
  1.68682234
  1.21891477
  1.81220618
  4.84974022
  2.99124313
  5.53306972
  1.15785025
  5.98427072
  1.57444011
  2.20526654
  2.20259007
  2.22892229
  1.54870132
  2.29755991
  1.77942423
  1.77434170
  5.81452508
  3.33484534
  2.33951739
  2.68667909
  1.92982777
  3.92507009
  2.04391355
  2.38539194
  1.68021828
