  1.89550498
  1.89299764
  1.97811063
  1.93779254
  1.73535974
  1.97885361
  1.74003760
  1.79361768
  1.94821902
  1.88367028
  1.74828483
  1.84526430
  1.98994635
  1.60973676
  1.99874984
  1.33987437
  1.68856676
  1.67674374
  1.67903759
  1.71479799
  1.96142722
  1.84227319
  1.92148744
  1.80669215
  1.90203846
  1.99159261
  1.82703215
  1.83633082
  1.93795163
  1.97423336
  1.76134188
  1.82410758
  1.65907592
  1.88002223
  1.90411278
  1.95013945
  1.54989785
  1.81920759
  1.96250782
  1.81737369
  1.85455227
  1.39501197
  1.30338080
  1.83056559
  1.96061801
  1.70212421
  1.84973958
  1.87019800
  1.63925536
  1.60064001
  1.99253354
  1.80717302
  1.98578364
  1.46334691
  1.91946773
  1.97978881
  1.90821075
  1.81497070
  1.93941911
  1.98270933
  1.75188776
  1.99887366
  1.92375050
  1.50220286
  1.89148881
  1.98010657
  1.73032734
  1.90671880
  1.97041457
  1.81116922
  1.87872293
  1.89836795
  1.99763567
  1.99207075
  1.98789356
  1.91060154
  1.71910345
  1.64233243
  1.84110546
  1.75648170
  1.91218614
  1.86085103
  1.77138339
  1.99193239
  1.84730893
  1.94283119
  1.57394355
  1.82698497
  1.81094337
  1.88590517
  1.77110973
  1.71582511
  1.45599594
  1.60134812
  1.91176091
  1.80926080
  1.95046953
  1.80356221
  1.67186459
  1.34666446
  1.89311766
  1.74606896
  1.91736503
  1.80900860
  1.80712458
  1.82947292
  1.76506199
  1.69812290
  1.58125387
  1.73530763
  1.96016684
  1.81783309
  1.70220224
  1.95759984
  1.99645222
  1.76814209
  1.72927274
  1.97654156
  1.79673600
  1.88557393
  1.82742171
  1.99383047
  1.78171811
  1.88281059
  1.98557972
  1.91721366
  1.99941221
  1.76137036
  1.94673012
  1.87693306
  1.66247630
  1.86599945
  1.95767697
  1.96939049
  1.84349526
  1.95480544
  1.88294534
  1.89063155
  1.90245078
  1.73188816
  1.86695166
  1.63068276
  1.97313132
  1.71452547
  1.62099561
  1.78087047
  1.99153898
  1.99614437
  1.82901820
  1.89941315
  1.88578007
  1.81238474
  1.95866299
  1.66997054
  1.84118601
  1.97960318
  1.54917998
  1.87675637
  1.84589095
  1.62481596
  1.86111031
  1.93889197
  1.92499081
  1.57157701
  1.77179624
  1.96121149
  1.78368326
  1.74270636
  1.92664174
  1.84310794
  1.88966609
  1.65825802
  1.94063882
  1.99206362
  1.60837496
  1.94312695
  1.94153209
  1.99255548
  1.71788330
  1.79882212
  1.80214096
  1.86945619
  1.86722100
  1.90613434
  1.98307254
  1.93072384
  1.99272328
  1.79806799
  1.51509510
  1.93161605
  1.94629388
  1.82439496
  1.73617314
  1.82783561
  1.73676076
  1.62090206
  1.65496986
  1.96900633
  1.68450136
  1.63593152
  1.98759183
  1.38098588
  1.98994996
  1.74070603
  1.80705882
  1.99602965
  1.87975431
  1.95874467
  1.87141799
  1.77988667
  1.93356242
  1.91855498
  1.85807652
  1.85391863
  1.93776460
  1.88294138
  1.92233126
  1.99644121
  1.96716482
  1.97443446
  1.68253318
  1.91632256
  1.89818783
  1.98177161
  1.93271144
  1.97509621
  1.87232899
  1.84497139
  1.46916196
  1.95497135
  1.47011630
  1.71501412
  1.97677948
  1.91691507
  1.95799628
  1.88140532
  1.94987359
  1.94383806
  1.68913414
  1.82573342
  1.95258389
  1.84776793
  1.99417822
  1.88577405
  1.87469751
  1.96315687
  1.70405731
  1.75846707
  1.86986944
  1.76152551
  1.74867489
  1.95987972
  1.85641284
  1.81640530
  1.90159863
  1.82202071
  1.89251448
  1.94829773
  1.94110516
  1.59225557
  1.94603969
  1.75931697
  1.95485410
  1.78786129
  1.88747440
  1.52150102
  1.83773212
  1.86785721
  1.92456917
  1.97491242
  1.54374613
  1.85784612
  1.68973526
  1.93657626
  1.67997703
  1.93677816
  1.67748353
  1.95936932
  1.84427746
  1.94125954
  1.69480598
  1.98109586
  1.70898707
  1.93701247
  1.90793063
  1.85159719
  1.76571197
  1.92372847
  1.91228173
  1.69798552
  1.91995133
  1.93791881
  1.89659894
  1.75897088
  1.86702133
  1.62382748
  1.87184705
  1.85190909
  1.86023860
  1.98793061
  1.72496363
  1.86804055
  1.88410516
  1.70721229
  1.95361376
  1.70983120
  1.94752579
  1.84658640
  1.90909167
  1.96256741
  1.77785993
  1.89781353
  1.86488865
  1.88184286
  1.72588912
  1.71222885
  1.62894288
  1.94701597
  1.97748001
  1.93287909
  1.85089651
  1.97905635
  1.78682745
  1.96123229
  1.91368327
  1.89386415
  1.95856607
  1.93053263
  1.34537896
  1.96278097
  1.85965136
  1.99251144
  1.99585072
  1.67143841
  1.96890307
  1.60585182
  1.93109801
  1.91645333
  1.90411751
  1.94853153
  1.89336519
  1.98270159
  1.93722644
  1.67543562
  1.62809010
  1.66778142
  1.81179988
  1.94655120
  1.82794536
  1.99249842
  1.97100156
  1.89909190
  1.41299515
  1.54114888
  1.84412846
  1.65163013
  1.98888143
  1.97143862
  1.87301242
  1.97768235
  1.99299736
  1.36028778
  1.28426422
  1.74633428
  1.72729902
  1.94543011
  1.99796096
  1.36149796
  1.65956465
  1.85394558
  1.73206584
  1.80419704
  1.70245158
  1.75379475
  1.98116556
  1.80945961
  1.88140390
  1.97665932
  1.86681278
  1.98171959
  1.98631203
  1.71435987
  1.68678588
  1.80730468
  1.72917743
  1.77151506
  1.81325869
  1.44561152
  1.94458945
  1.93726751
  1.87554951
  1.92765233
  1.82651686
  1.59933467
  1.93326065
  1.82735418
  1.63818495
  1.93086691
  1.61399327
  1.96088450
  1.86946138
  1.71540864
  1.89693351
  1.88267634
  1.58848208
  1.94501442
  1.92048799
  1.76070957
  1.95872215
  1.67903803
  1.92462550
  1.86998359
  1.75426043
  1.90468469
  1.91655712
  1.87819686
  1.94395630
  1.98663379
  1.87952382
  1.72920302
  1.48480220
  1.80186525
  1.77216295
  1.85211376
  1.68863036
  1.87397750
  1.78695513
  1.89304455
  1.96703898
  1.54071675
  1.89125398
  1.95645022
  1.84702715
  1.91806601
  1.78482885
  1.95240815
  1.90389751
  1.55009321
  1.70369112
  1.65480663
  1.65617791
  1.97224993
  1.87854865
  1.58830722
  1.99587340
  1.99493118
  1.84295609
  1.87976261
  1.81623846
  1.45704163
  1.92150358
  1.67193580
  1.97027024
  1.96684753
  1.30807732
  1.89218753
  1.95719615
  1.97232710
  1.71773812
  1.99344348
  1.96715780
  1.95581292
  1.83023068
  1.99110931
  1.94329201
  1.92839397
  1.98614615
  1.91987313
  1.65587501
  1.72465947
  1.42615528
  1.87672638
  1.89550965
  1.82270427
  1.39118244
  1.94461740
  1.77937981
  1.63255793
  1.98911147
  1.64379827
  1.63654831
  1.88776624
  1.61497027
  1.74125726
  1.92889342
  1.71671809
  1.95706365
  1.91513558
  1.77970809
  1.95515414
  1.98852435
  1.84160513
  1.89022965
  1.78914773
  1.90763650
  1.75683944
  1.96422996
  1.91637163
  1.58040246
  1.94758521
  1.71233713
  1.95697843
  1.99266786
  1.61830991
  1.78128612
  1.77112278
  1.63277610
  1.93053293
  1.76490808
  1.87439093
  1.91138592
  1.93892367
  1.85954390
  1.76429718
  1.91395680
  1.90867181
  1.65181089
  1.41698698
  1.95404395
  1.86889740
  1.66187977
  1.76006284
  1.99609689
  1.90630384
  1.73978282
  1.96099939
  1.93466137
  1.78662891
  1.77190389
  1.87046068
  1.83696276
  1.84142658
  1.63891264
  1.74091669
  1.61069643
  1.76516503
  1.81093470
  1.68533106
  1.68767044
  1.61099749
  1.74816647
  1.90618021
  1.32133391
  1.92848841
  1.83286642
  1.98919907
  1.95401118
  1.39859019
  1.97088690
  1.69514841
  1.95096545
  1.83536031
  1.98440476
  1.67348823
  1.88241803
  1.91092486
  1.92694496
  1.60644689
  1.86550863
  1.74736277
  1.92956574
  1.76129620
  1.95510219
  1.76637288
  1.99156409
  1.56604630
  1.56961675
  1.73430541
  1.98788953
  1.97580578
  1.85092708
  1.76994253
  1.89763067
  1.32145899
  1.92559895
  1.89917050
  1.80091105
  1.49724473
  1.99063897
  1.66507114
  1.69865048
  1.77572525
  1.91852460
  1.80260224
  1.72216632
  1.96529531
  1.98138625
  1.91518270
  1.72142310
  1.99399824
  1.68379385
  1.54937746
  1.69366396
  1.74313502
  1.86878122
  1.91258411
  1.98442383
  1.72548181
  1.97790998
  1.85704912
  1.94471815
  1.89863338
  1.79561028
  1.94747025
  1.48685072
  1.80193411
  1.88535795
  1.76876293
  1.52784022
  1.64787736
  1.90159513
  1.72963771
  1.82278254
  1.70594749
  1.98628416
  1.63202599
  1.77017198
  1.90235686
  1.97762590
  1.96930930
  1.48948223
  1.95243650
  1.85751930
  1.41333232
  1.83328667
  1.86672693
  1.72031780
  1.81682392
  1.91095013
  1.88137103
  1.94176785
  1.80048250
  1.93986404
  1.91115279
  1.75394548
  1.86364176
  1.80435656
  1.99918038
  1.82711167
  1.49951051
  1.93692324
  1.94232002
  1.92888271
  1.90576541
  1.94495701
  1.76445371
  1.93009389
  1.92007977
  1.90723335
  1.86792569
  1.79723487
  1.76803480
  1.97992022
  1.85091201
  1.94695768
  1.89176283
  1.99319261
  1.93296821
  1.53530472
  1.98391053
  1.77676754
  1.99242940
  1.97890053
  1.96614782
  1.98777309
  1.84009637
  1.94497542
  1.73444504
  1.96726079
  1.48004098
  1.98113761
  1.84391768
  1.73687639
  1.90867123
  1.53889607
  1.99025299
  1.92849186
  1.69640695
  1.74636954
  1.72353486
  1.87077983
  1.62219959
  1.95440999
  1.58139629
  1.81866557
  1.60107469
  1.86559617
  1.98326970
  1.85241540
  1.60351277
  1.94138262
  1.89902973
  1.88058533
  1.98343114
  1.85185891
  1.92895387
  1.99221808
  1.67921427
  1.72137581
  1.67624931
  1.83363616
  1.97142293
  1.97092058
  1.97279682
  1.92091429
  1.87993148
  1.75911827
  1.82653525
  1.81947806
  1.93529297
  1.76486390
  1.84511708
  1.85963800
  1.99124494
  1.66288867
  1.85535551
  1.71656335
  1.98594609
  1.99188167
  1.68757891
  1.70603713
  1.86730866
  1.81094650
  1.81582052
  1.96207227
  1.83262352
  1.85717446
  1.87489191
  1.89583535
  1.91741377
  1.97933014
  1.94543652
  1.91955080
  1.95026667
  1.80540118
  1.92390598
  1.94722658
  1.93234836
  1.98286394
  1.89357596
  1.95330093
  1.78030473
  1.82273258
  1.97188426
  1.69055609
  1.79565476
  1.92008570
  1.98815278
  1.57303657
  1.71763790
  1.92203407
  1.62488724
  1.87130080
  1.88967943
  1.80898648
  1.96356970
  1.92521342
  1.93368829
  1.69192787
  1.83451094
  1.83712740
  1.90976451
  1.82748109
  1.86990843
  1.84539941
  1.84722410
  1.55735100
  1.85042592
  1.93953948
  1.75436939
  1.98111836
  1.98534166
  1.49883407
  1.90991272
  1.89105412
  1.60392509
  1.96555784
  1.71884416
  1.72746531
  1.74568945
  1.82188965
  1.87321488
  1.90048363
  1.90260021
  1.82764970
  1.84877961
  1.98307352
  1.87493743
  1.79351472
  1.64087026
  1.98868020
  1.83085841
  1.94888202
  1.77546496
  1.84379477
  1.85596646
  1.67030720
  1.96055952
  1.89918953
  1.86557021
  1.75174106
  1.96104399
  1.91800909
  1.87399440
  1.91559065
  1.95119331
  1.88735737
  1.64244832
  1.92217853
  1.48550167
  1.66101763
  1.85015979
  1.99005614
  1.77604315
  1.81048902
  1.79249870
  1.57267970
  1.59408220
  1.83153532
  1.86717277
  1.75223759
  1.82548977
  1.98062047
  1.99815405
  1.90072220
  1.87344052
  1.98912857
  1.80647784
  1.85903608
  1.87362737
  1.97875752
  1.98033328
  1.87357580
  1.59682123
  1.87010100
  1.74640131
  1.81135109
  1.48919244
  1.93561346
  1.90760007
  1.77114541
  1.60174234
  1.82815191
  1.80569125
  1.60511777
  1.86189789
  1.98109764
  1.86440229
  1.96947468
  1.61429694
  1.99433794
  1.96253393
  1.87832684
  1.86850556
  1.92309209
  1.87715756
  1.93120519
  1.99389542
  1.83523804
  1.84214203
  1.88876939
  1.86594149
  1.91785386
  1.97418865
  1.90877804
  1.98332303
  1.97201094
  1.67924901
  1.98178247
  1.86541071
  1.99383863
  1.91385023
  1.96739257
  1.53002557
  1.97836199
  1.97526778
  1.88910511
  1.82930503
  1.34847526
  1.92098338
  1.72132973
  1.95526779
  1.90487550
  1.71152142
  1.93379298
  1.85711483
  1.84112960
  1.97530349
  1.93659445
  1.51197802
  1.50843210
  1.96345948
  1.74886452
  1.93755334
  1.96232058
  1.88605167
  1.96742999
  1.95919478
  1.87283604
  1.72362087
  1.57707302
  1.89910531
  1.95160720
  1.43228524
  1.90745687
  1.79578456
  1.42936173
  1.93422566
  1.93446376
  1.55913450
  1.91645181
  1.76981580
  1.94024108
  1.79546824
  1.89677760
  1.94673921
  1.92598717
  1.84839629
  1.51287076
  1.90303324
  1.81539937
  1.93777222
  1.72579114
  1.96729465
  1.69704614
  1.81731899
  1.84185504
  1.82838887
  1.75527893
  1.81447853
  1.81676933
  1.94745413
  1.96550179
  1.99025010
  1.88423919
  1.73972304
  1.90860235
  1.97487981
  1.83163973
  1.99644363
  1.89889001
  1.92637598
  1.92352048
  1.97780851
  1.97142780
  1.94050009
  1.86453367
  1.97540460
  1.95753181
  1.96572316
  1.95304280
  1.91900339
  1.33115807
  1.90563165
  1.96874092
  1.88603333
  1.81267934
  1.94731226
  1.73558080
  1.88788738
  1.71731072
  1.58303305
  1.77319872
  1.77827300
  1.77310135
  1.94485426
  1.89775025
  1.66521387
  1.93983156
  1.99764239
  1.82538971
  1.74015049
  1.89509539
  1.78935202
  1.90352648
  1.95235503
  1.63980031
  1.98795100
  1.98465113
  1.88672389
  1.90072604
  1.72146403
  1.52827369
  1.91728641
  1.99586687
  1.67482346
  1.95529561
  1.72822952
  1.88669847
  1.76170806
  1.68703441
  1.79004973
  1.97304579
  1.96594631
  1.97017311
  1.83890155
  1.94795063
  1.80975700
  1.91924229
  1.87181585
  1.82901975
  1.71874266
  1.98475247
  1.83315172
  1.48188959
  1.77443421
  1.82947013
  1.98246940
  1.84702480
  1.83158251
  1.72870837
  1.84494719
  1.77344826
  1.90357907
  1.85692043
  1.81683280
  1.81637040
  1.57763339
  1.73270195
  1.76546886
  1.98319637
  1.78084723
  1.83461173
  1.93625143
  1.37999312
  1.80243769
  1.91430887
  1.97620044
  1.98245139
  1.85783051
  1.91070544
  1.80540444
  1.86570669
  1.79091693
  1.92688232
  1.91935920
  1.95381819
  1.88536373
  1.99790855
  1.80668871
  1.98429401
  1.87750388
  1.94005904
  1.97765511
  1.83316338
  1.76512762
  1.78147916
  1.91278270
  1.77805664
  1.85568050
  1.85308625
  1.97172479
  1.85783744
  1.80313486
  1.97803823
  1.90695110
  1.99978180
  1.82901188
  1.92876125
  1.77025456
  1.83639219
  1.99102264
  1.80503047
  1.83455662
  1.45642845
  1.97829612
  1.89343282
  1.79741092
  1.74497664
  1.99442078
  1.89153723
  1.93605641
  1.31709436
  1.80052443
  1.98672421
  1.86937715
  1.88339918
  1.72256800
  1.68609692
  1.93710204
  1.79130004
  1.89340898
  1.93344754
  1.84951083
  1.99535879
  1.81432054
  1.58802567
  1.72846548
  1.86762644
  1.98740836
  1.75153702
  1.76677662
  1.62115333
  1.90550884
  1.93079627
  1.98528905
  1.65290210
  1.83694805
  1.88169531
  1.85714419
  1.74503885
  1.97663345
  1.74518873
  1.99721441
  1.87877449
  1.96468130
  1.94642417
  1.89470291
  1.79907284
  1.80061757
  1.99563425
  1.91732407
  1.64952964
  1.87913317
  1.30060973
  1.97057013
  1.87796976
  1.88792076
  1.67292731
  1.84422166
  1.85532456
  1.98397577
  1.94547834
  1.88170425
  1.93048303
  1.99560254
  1.87763839
  1.76891138
  1.70814968
  1.92809312
  1.88286282
  1.93783349
  1.97034302
  1.95253538
  1.99636681
  1.98072847
  1.59384943
  1.85127588
  1.81599953
  1.82519718
  1.54485022
  1.90550881
  1.79442296
  1.81408837
  1.99834624
  1.93378127
  1.91734117
  1.76175227
  1.93829285
  1.99821177
  1.54961789
  1.96771618
  1.98747280
  1.41495585
  1.75102439
  1.39859165
  1.87354466
  1.89255496
  1.99294711
  1.80258777
  1.51101752
  1.91792536
  1.94351733
  1.66160050
  1.99466597
  1.75692155
  1.85992517
  1.79784035
  1.87289249
  1.74459647
  1.88416807
  1.94924461
  1.69277231
  1.61566382
  1.91019198
  1.96401705
  1.99414365
  1.73824258
  1.95230876
  1.45642941
  1.92030941
  1.91896501
  1.79965798
  1.97868474
  1.58450214
  1.99239238
  1.75769434
  1.78898428
  1.88185136
  1.49432487
  1.84647957
  1.99493419
  1.86631182
  1.97188395
  1.96363336
  1.87601641
  1.70352117
  1.80085859
  1.97201360
  1.82499296
  1.87633433
  1.85028422
  1.98387618
  1.63437564
  1.67384833
  1.97652545
  1.73112953
  1.89105191
  1.87854320
  1.91287358
  1.81373101
  1.87973868
  1.93964569
  1.54525591
  1.91690776
  1.96756545
  1.90727012
  1.99349390
  1.76008295
  1.77827270
  1.53792025
  1.97945983
  1.91200332
  1.91224579
  1.89537091
  1.84247592
  1.99163486
  1.59389786
  1.89793554
  1.75557070
  1.80065009
  1.92344008
  1.86864452
  1.89777644
  1.81810546
  1.83910018
  1.81565938
  1.92034708
  1.93950985
  1.79299213
  1.75070743
  1.97592053
  1.88899968
  1.50638893
  1.98182299
  1.52370315
  1.94552119
  1.73152588
  1.92212251
  1.91244511
  1.78676407
  1.96345518
  1.78068839
  1.75952165
  1.95238760
  1.80221569
  1.70073943
  1.77551155
  1.82466856
  1.66042499
  1.86698476
  1.83586549
  1.39291304
  1.44057188
  1.75663563
  1.90931640
  1.98550733
  1.71854821
  1.99269538
  1.97081852
  1.98664814
  1.99485926
  1.93242118
  1.91662208
  1.51288783
  1.87417907
  1.84977166
  1.74338388
  1.48752039
  1.65056872
  1.97967780
  1.89560295
  1.86530674
  1.45393296
  1.87642563
  1.95193125
  1.92565515
  1.47995203
  1.77566916
  1.64614916
  1.69371445
  1.87252553
  1.64110046
  1.99932502
  1.72839824
  1.43976761
  1.71041390
  1.99503040
  1.70635855
  1.60617963
  1.94478166
  1.85948128
  1.88908348
  1.79825325
  1.93949132
  1.67837531
  1.99429084
  1.72118030
  1.83689118
  1.99672820
  1.68327783
  1.88778298
  1.93977212
  1.96941559
  1.85170114
  1.87671381
  1.83092773
  1.98448716
  1.87877191
  1.88441330
  1.58273134
  1.68087355
  1.75366950
  1.76144874
  1.89742309
  1.93381066
  1.91960879
  1.99014762
  1.76307654
  1.93043297
  1.98695034
  1.60431202
  1.94816272
  1.87028800
  1.90693045
  1.96775868
  1.92184887
  1.88646112
  1.85524795
  1.71600180
  1.90728168
  1.36003915
  1.63169906
  1.99491728
  1.90128489
  1.84192870
  1.86635835
  1.84705410
  1.76209375
  1.96207552
  1.90291610
  1.98922795
  1.92554846
  1.75620957
  1.73231905
  1.72720367
  1.92193632
  1.98361828
  1.88448571
  1.99898466
  1.99737664
  1.89008826
  1.74034430
  1.47414135
  1.95719152
  1.90428907
  1.83902592
  1.85874783
  1.95048629
  1.89910748
  1.97633853
  1.45915308
  1.85606255
  1.85807770
  1.99155312
  1.86227041
  1.69465319
  1.76243246
  1.99099016
  1.91234367
  1.72250773
  1.80907156
  1.99071924
  1.91846809
  1.78802337
  1.88905937
  1.93521852
  1.97540964
  1.89873331
  1.78862842
  1.80706194
  1.95978783
  1.79424266
  1.63252553
  1.81050861
  1.91225354
  1.53810502
  1.94186192
  1.95048023
  1.71354613
  1.81075124
  1.97744077
  1.77210406
  1.96195314
  1.89679074
  1.96286435
  1.94544762
  1.80042784
  1.99019937
  1.97940225
  1.91203681
  1.60271880
  1.68833037
  1.89020526
  1.85896068
  1.80537588
  1.76640094
  1.97534808
  1.86803716
  1.99011230
  1.73270729
  1.75315343
  1.79009490
  1.91330986
  1.91732669
  1.97833174
  1.77468578
  1.99093897
  1.92462736
  1.91541781
  1.89438995
  1.84227456
  1.82113478
  1.93209185
  1.85023468
  1.94969030
  1.89288896
  1.86766987
  1.82394007
  1.73775667
  1.80227012
  1.72822209
  1.71116629
  1.72910612
  1.96268550
  1.81260615
  1.81892374
  1.80265569
  1.83222808
  1.68999414
  1.98062894
  1.83221009
  1.57163084
  1.63208399
  1.78230812
  1.83065322
  1.84632421
  1.89906370
  1.91770338
  1.82602064
  1.97662666
  1.77262708
  1.91111901
  1.98153821
  1.99162818
  1.76542742
  1.84715637
  1.65298442
  1.51750674
  1.83304004
  1.94867715
  1.42025606
  1.99099602
  1.76958978
  1.99377312
  1.63070477
  1.91624785
  1.64645028
  1.59349810
  1.85289066
  1.70932641
  1.93428524
  1.98542984
  1.83277621
  1.74865150
  1.77320536
  1.95204340
  1.71529990
  1.53139042
  1.89354043
  1.60648214
  1.89626511
  1.99110574
  1.99629087
  1.97250155
  1.46082032
  1.58775670
  1.95052549
  1.92571238
  1.70175560
