  1.99233986
  1.76193892
  1.33795251
  1.12608191
  1.69025648
  1.31010723
  1.54491432
  2.32537402
  1.40384113
  1.60522222
  1.10398160
  3.04058385
  1.83854097
  1.68880126
  1.53245842
  2.02962398
  1.20121320
  1.64782343
  1.19872917
  1.09947611
  3.33334240
  2.02070017
  1.22702720
  2.58612809
  1.18158096
  2.83071602
  1.18140885
  1.21791899
  1.62045298
  1.82662748
  1.59680712
  1.52509172
  1.82907560
  1.15732567
  1.62967683
  1.22638318
  3.10737632
  1.93011135
  2.12118214
  1.72481371
  1.96350432
  1.73234610
  1.94649137
  2.54872740
  2.32354241
  3.67533568
  4.90852567
  1.30003685
  1.36502854
  2.34595205
  2.68142229
  2.09983190
  2.15615411
  2.56337393
  1.25527664
  1.59526255
  1.34214082
  4.28873850
  1.26553342
  1.30887132
  1.34511724
  3.49584834
  1.20685526
  2.23620558
  1.26367897
  1.61550562
  1.38467266
  1.47872241
  1.93836390
  2.09083256
  1.25097604
  1.24548510
  3.29916758
  1.87621918
  1.58949843
  1.34889216
  1.73984673
  1.56240042
  1.29903229
  3.28778342
  1.12055350
  2.09508192
  1.44285997
  2.18642369
  1.58631260
  2.36426172
  1.66219803
  1.68610946
  2.51962950
  1.65168063
  1.71367393
  1.35731230
  2.22448536
  1.33565850
  1.58968708
  1.76934408
  2.08146010
  1.92796711
  1.61222163
  2.01186938
  3.39847893
  2.17311340
  2.05816497
  2.30981178
  1.52771388
  1.93257569
  1.67875677
  1.47653165
  1.34499549
  2.37740126
  1.45504642
  1.59246407
  1.21427932
  2.45196345
  1.86729769
  2.49829655
  1.38345305
  1.82174948
  1.51066303
  3.92847998
  2.08757428
  1.41842031
  1.50062497
  1.53864234
  1.94762508
  2.48459270
  1.59146338
  1.32324615
  1.63806471
  1.46109782
  1.48601970
  1.70227287
  2.66931053
  1.54026262
  2.00480041
  2.19347921
  1.60945437
  2.09333541
  1.50390830
  1.66830930
  2.00406020
  1.52921889
  2.35178388
  1.93755689
  1.31666430
  1.16616847
  1.53194221
  1.29911314
  2.22095816
  4.16502463
  3.02171832
  1.21045336
  1.22446730
  1.75624005
  1.25812675
  1.91894428
  1.26450311
  1.70054774
  1.44486769
  1.99912592
  2.33489405
  1.69059982
  1.63580993
  1.46783266
  1.99797255
  2.45311127
  3.37560433
  3.28945120
  2.59660010
  1.59097704
  2.26491305
  1.35549360
  1.61214929
  1.15770790
  1.35777598
  1.41975418
  2.22991689
  1.93893591
  1.65908320
  1.38138427
  2.13637193
  1.23159717
  2.26779228
  1.43588486
  1.78996651
  1.78117338
  2.21651953
  1.53756460
  2.16336595
  3.47118112
  1.40175688
  1.12131871
  1.58290687
  1.14533561
  1.25178379
  1.33745961
  1.66979648
  2.79155720
  1.72653677
  1.95029901
  2.58652406
  1.89478487
  1.42368081
  1.82274682
  1.37976999
  1.79053853
  1.60351431
  1.26494744
  1.24133794
  2.11593527
  1.50195641
  1.86090433
  1.98945601
  1.87496084
  1.70199548
  1.50853224
  1.36450838
  1.76156823
  1.80120488
  2.09534596
  1.16836166
  2.46221182
  1.41853729
  1.90682500
  1.79688252
  1.40311828
  1.43182803
  1.26304811
  2.10501287
  3.69662647
  1.18370453
  1.43757052
  1.54849615
  1.48723154
  1.48974933
  1.36397516
  1.75116534
  1.46584233
  4.17411789
  1.36269604
  1.32148730
  1.64894502
  1.76482135
  1.29580025
  1.56619679
  1.38703854
  1.40376385
  1.15159691
  2.80809207
  1.50157070
  4.59015189
  1.30085626
  2.25907817
  1.90516449
  1.49085007
  1.39749253
  1.75031680
  1.84958398
  1.22502542
  1.81465215
  1.48065488
  1.93089239
  3.54059344
  1.85273754
  2.23491303
  2.17289659
  2.59829665
  1.42328246
  1.36025827
  1.28822922
  2.09226734
  2.50630156
  2.46779348
  1.71500707
  1.93124093
  1.26177363
  2.20192954
  1.58764397
  2.64011734
  1.56260283
  2.81143062
  1.14026470
  1.28708532
  2.75346620
  1.29241098
  2.04548225
  1.15378159
  1.51949358
  1.25533573
  1.97066709
  1.47497286
  2.13417334
  2.64676712
  1.40887785
  2.15146525
  1.43340863
  2.25467293
  1.31783421
  2.19167686
  1.46650205
  2.41096230
  1.82234288
  1.55009928
  1.58530360
  1.73506350
  1.72938320
  2.74007736
  1.63348315
  1.45185138
  1.78671867
  1.98525811
  1.40995203
  2.13342526
  1.84982145
  1.20225720
  1.18984546
  2.68112919
  2.71203856
  1.63533823
  2.12964225
  2.28099502
  2.29258999
  2.54278613
  1.24299431
  1.55903498
  1.51534568
  1.71032134
  1.24250502
  2.25695822
  1.21466438
  1.42954033
  1.97469305
  1.59935626
  1.21283809
  1.94372202
  1.89998379
  1.28796657
  1.79593254
  2.28144128
  1.33708557
  1.55827413
  1.60321967
  1.36953802
  3.11607490
  1.78836520
  1.63214811
  1.64122173
  2.87260466
  1.39559908
  1.73015126
  1.56356916
  1.78443662
  3.13209728
  1.61144941
  1.47903241
  1.92743270
  4.19546971
  1.81743179
  1.99627640
  1.33275123
  1.31375217
  2.18998110
  1.26013735
  2.05218816
  1.82706352
  2.29366408
  3.41130943
  3.13580315
  1.50877041
  1.59412811
  2.81444016
  1.50546753
  2.43792951
  1.90065492
  2.08378605
  1.50266639
  1.50163385
  1.78957266
  3.91069756
  2.22942879
  1.57476505
  2.27301402
  2.63585832
  1.10458443
  2.99252609
  1.58291465
  1.17019820
  1.16977549
  1.88846561
  1.49564097
  1.41220404
  4.47864877
  4.21834745
  3.49724974
  1.51037273
  1.44460768
  2.52822413
  1.97013525
  2.18195029
  1.38604864
  1.40487875
  2.16581355
  1.86265774
  1.65296013
  2.60878422
  2.89800900
  1.35345706
  1.63045949
  2.13553421
  1.84481972
  1.48443478
  1.49480330
  1.33799425
  2.16912561
  1.83323749
  1.59170361
  1.85763611
  1.40319564
  2.05587852
  1.35935316
  1.41673136
  1.73955061
  1.52242839
  1.28343314
  3.02916978
  2.80054955
  2.74209996
  3.24045840
  1.58652987
  2.06179654
  1.62474715
  1.92270580
  2.76245629
  1.37147721
  1.55864727
  1.40433782
  2.01401458
  1.33914292
  3.00622859
  1.19376448
  1.25346321
  2.01980332
  1.55793282
  2.11682082
  1.45046733
  2.27391497
  3.35963749
  2.85714777
  1.45109955
  1.62228037
  2.04892782
  1.95055540
  1.90444266
  1.66202138
  2.18682218
  2.98336872
  2.59007966
  3.36556916
  2.87906463
  2.02024703
  3.98243688
  1.56273478
  1.41761831
  1.17025733
  1.93096973
  1.19321252
  1.46545895
  2.63892778
  2.22535915
  1.24677368
  2.63959834
  1.84227446
  1.29759979
  1.75539609
  1.60023116
  1.50365596
  1.22580740
  2.52502287
  1.42458131
  4.21861787
  2.16104634
  2.01788594
  2.71530287
  2.52808731
  2.03434881
  1.15211767
  1.45029825
  1.78766814
  1.54308219
  1.60123543
  1.42454518
  2.11145935
  1.34457987
  1.47277945
  2.96026705
  2.08375884
  1.29276679
  1.37842040
  2.13662329
  1.25218718
  1.17608418
  1.13018823
  1.69883949
  1.30537009
  2.12147002
  1.64829094
  1.28166203
  1.46691113
  1.35209230
  1.52271495
  3.04119516
  1.53475498
  1.38200535
  1.27024965
  2.62344962
  1.74112685
  1.68684727
  1.80737341
  3.22301518
  2.13837514
  2.17573110
  1.39251850
  1.20387221
  1.98804395
  3.58783847
  2.60668591
  1.50357801
  1.81057645
  1.31796162
  2.90514512
  1.64535441
  1.35330997
  1.49246397
  1.85923883
  2.41226236
  1.73507943
  1.49798739
  1.50048289
  1.61200444
  1.80679801
  1.44843304
  2.74662965
  1.17691222
  1.67662105
  1.77028527
  2.17778694
  2.04460183
  1.28831035
  1.94685315
  1.16619925
  1.35349821
  1.81531572
  2.46488287
  2.43269402
  3.34482906
  1.23352576
  1.93449446
  1.66608279
  1.36513061
  1.41589600
  1.88492683
  1.38692676
  1.16815113
  2.45451333
  1.89834323
  1.54300249
  1.17245074
  1.34191195
  1.62511636
  3.09084787
  1.52998462
  3.50806275
  1.47754786
  3.81328052
  1.36730250
  1.75577339
  1.40102789
  1.64445671
  1.77321789
  1.43244909
  1.70596621
  4.00858867
  1.68646158
  1.46344726
  1.39234994
  3.93702763
  2.10069762
  2.04580670
  1.41623091
  1.09806176
  1.58427627
  1.66060432
  5.80594741
  1.31521738
  1.54883992
  1.28901851
  1.39307997
  1.85900684
  1.23247021
  1.83781214
  1.20380687
  1.75406411
  1.58816290
  2.75798691
  2.38268267
  1.21906121
  2.04291032
  1.58841659
  1.48582298
  1.45238710
  1.89645263
  2.03347640
  1.74414279
  1.80412721
  1.41905981
  2.23966833
  1.17162163
  2.15053551
  2.10908605
  4.16298992
  1.42767772
  1.47521462
  1.93575655
  1.30249160
  2.12493451
  1.64841752
  1.18787514
  1.58827757
  1.79524581
  1.23350576
  2.62683036
  3.17606805
  1.22713954
  1.73375898
  1.83800236
  2.63883820
  3.07354506
  1.89368545
  2.55233553
  1.21610689
  1.46862046
  1.62199792
  1.90735984
  2.48726939
  1.22416859
  1.51426141
  1.60232037
  3.84422728
  1.82120972
  2.10131058
  1.59265260
  1.47144842
  1.73510029
  3.19676692
  1.58876490
  1.73782276
  1.56712486
  1.83365683
  2.07515613
  1.75387895
  1.53245158
  2.79880322
  1.35813736
  2.59392633
  2.62537142
  2.40974036
  1.45248050
  1.99910778
  2.00982740
  1.55521546
  1.40376034
  1.86428137
  2.15619669
  1.43686763
  1.38502611
  1.36008239
  1.87016945
  1.34964652
  3.36941783
  2.83287090
  1.67905780
  2.22303475
  2.25936964
  1.49915750
  1.42750825
  1.17986716
  1.34177247
  3.25706418
  2.15725095
  1.44504073
  1.86661299
  1.45021526
  1.30732779
  1.34147180
  2.92941599
  1.67144966
  3.24856141
  1.48528636
  1.94777889
  1.44236054
  1.39920469
  1.70961563
  1.68473073
  1.16754561
  1.81393528
  1.69995269
  2.24959704
  1.85236132
  2.31780793
  2.07740675
  1.29451651
  2.50338564
  1.62367782
  1.53097123
  1.33983314
  1.13700718
  3.11456293
  3.34615661
  3.19223914
  1.28244680
  1.13546764
  1.83549543
  1.40151713
  1.38713013
  1.26041783
  1.70007025
  3.30361130
  1.46891692
  1.25868480
  1.18561948
  1.69513047
  1.41275972
  1.39246082
  1.31114593
  1.16307754
  2.06272034
  1.98092077
  1.29306978
  1.22620835
  1.36497108
  1.86108139
  2.96554030
  1.25123557
  2.12758062
  1.51938562
  1.70537699
  1.78483224
  1.15352012
  1.20990009
  1.25618546
  1.52201470
  1.36230908
  1.50908506
  1.95131787
  1.45625757
  1.93280101
  1.57113438
  1.23354792
  3.17207132
  1.45572458
  1.39428283
  1.61311305
  4.27867658
  2.14623349
  1.52480176
  3.64314573
  1.15877178
  1.42897084
  1.43397948
  1.21995102
  2.17552279
  2.26199970
  2.31287177
  2.49171134
  1.35144235
  1.51078246
  1.79847980
  1.48579679
  1.52356840
  1.21831954
  2.28112661
  2.13452040
  2.22083768
  1.79742037
  1.23168710
  2.14025126
  1.65511060
  1.33900344
  1.13670843
  2.04844118
  2.13879266
  1.97842170
  1.27195754
  1.79270654
  1.50165797
  1.64105944
  3.43726900
  1.47338011
  1.20933722
  3.02395835
  1.68043976
  1.89768566
  1.52217665
  1.89119812
  1.38599332
  1.42222642
  1.34049863
  1.23642351
  1.64743588
  1.62953846
  1.51102869
  2.74064864
  1.18949468
  1.74690841
  3.29676825
  1.70545662
  1.26167971
  1.36706730
  1.65483115
  1.37356936
  1.70450999
  1.81711457
  1.61900613
  1.78360664
  2.57236808
  1.81397319
  1.93773465
  1.53607149
  1.33583290
  2.00682813
  1.72836688
  2.14330431
  1.87027745
  1.89875477
  2.08463626
  1.39490770
  1.23380765
  1.43885675
  1.10831338
  2.50074902
  1.42615367
  1.52491337
  1.32870334
  1.41006493
  1.56672722
  1.34705095
  1.42547074
  2.43744032
  1.43097566
  1.83385573
  1.78747132
  1.35139770
  1.26432892
  2.09527003
  1.20119643
  1.89154599
  1.83502400
  1.43976547
  1.45616300
  2.21428574
  1.83545370
  4.05430039
  2.03027543
  1.35844032
  1.57231556
  3.04314534
  1.28118121
  1.42843480
  2.12386536
  1.38427950
  1.87945628
  2.81390339
  2.07725509
  1.28394108
  1.63226417
  1.52055206
  1.72893688
  1.29140092
  2.38652584
  1.26612835
  1.58768530
  1.32360724
  1.36657285
  1.50038662
  1.22647080
  4.09170585
  1.97305861
  2.63466643
  1.09235475
  1.47500384
  1.46891900
  1.17450236
  1.15217827
  1.22925775
  3.84621756
  1.54009850
  1.85683685
  1.35785120
  2.25850380
  1.52597978
  1.60337785
  2.75575788
  1.12454181
  1.62688389
  1.42952043
  1.31392809
  1.37209204
  1.97348895
  2.66854195
  1.86466412
  1.34435554
  1.17642295
  1.50969474
  2.44043100
  1.71540846
  2.59477005
  1.63704708
  1.55007673
  2.51913353
  1.16616202
  2.96062393
  1.31209714
  3.48594303
  1.49482285
  2.03236963
  1.63234899
  1.80501219
  1.15513658
  1.47746339
  1.98878011
  1.29892734
  1.83944545
  1.54639389
  1.54883744
  1.58564243
  2.51962508
  1.58220513
  1.18542735
  1.40836143
  1.19751354
  1.51578693
  1.90280480
  1.55033196
  2.72059719
  1.93896404
  1.38915629
  2.50154441
  1.25008207
  1.21148377
  1.80077976
  1.30624528
  1.86433390
  1.46239626
  1.74797990
  1.30662327
  3.11906225
  1.26621424
  1.29800808
  1.36185043
  2.01720918
  2.31761319
  2.03197119
  1.83739529
  1.37538992
  1.66047358
  1.58877631
  2.07648184
  1.81505183
  2.18775053
  1.35059605
  1.65265004
  1.59404396
  1.73833558
  1.36250011
  1.65706315
  1.92162729
  1.64376106
  1.31178130
  1.25968260
  1.84938897
  1.69983136
  1.27965008
  1.20548703
  1.56260517
  1.60376879
  1.83779147
  1.11660143
  2.06507666
  1.33028131
  2.62440298
  4.89463151
  3.23413597
  1.70569795
  1.45922288
  1.59712750
  1.31898141
  1.42277331
  2.46510628
  1.30007962
  2.30044603
  2.57420555
  1.88816516
  1.80503503
  2.24772507
  5.58621240
  1.37192823
  2.16130861
  1.85269689
  1.20211990
  1.32519910
  1.99245720
  1.21490847
  1.45227405
  1.90340664
  1.80838215
  2.25468940
  2.18770800
  2.12727442
  2.31027059
  1.56884615
  1.28893317
  1.40479111
  2.30433614
  1.64093564
  2.63430676
  1.29317335
  1.71121553
  1.19792214
  1.84490966
  1.12533438
  1.21622251
  1.19938872
  1.23635643
  1.25454195
  1.66817295
  1.42745134
  1.44726431
  1.44015183
  1.31359502
  1.72159486
  5.17189776
  3.41845193
  1.26282118
  1.08852314
  1.32621029
  1.72894819
  2.56350137
  1.74837286
  1.91889052
  2.28910379
  1.66464836
  1.53798405
  2.14043290
  1.13534139
  2.16805338
  1.66628300
  1.71588589
  3.37507274
  2.54831812
  1.36437939
  1.26229597
  1.56356103
  1.36315418
  1.60005900
  2.12851136
  1.30022328
  1.87839469
  1.64309182
  2.20668753
  1.41180822
  1.31032596
  2.39087010
  1.28890851
  1.37806430
  3.09772974
  2.46725548
  1.42244902
  1.38378051
  1.56431235
  1.27638469
  1.41474783
  2.14109121
  1.78062915
  1.83411989
  1.53620292
  1.74087617
  1.48339911
  1.80457070
  1.71049211
  1.31812726
  1.99115504
  1.80819414
  1.25037714
  2.69482177
  2.02779204
  2.31613920
  2.00582132
  2.74037094
  1.48280786
  1.89432912
  2.40933379
  1.21401212
  1.55750850
  2.70404076
  1.45712473
  2.54645961
  1.28705419
  1.21231045
  2.41961190
  1.58785706
  2.13880498
  1.37296879
  1.74651938
  1.57514136
  1.52807434
  2.11981601
  2.16521254
  1.61726727
  2.17860377
  1.53406389
  1.49679919
  3.05307169
  2.14139508
  1.21822005
  2.53392891
  1.90023832
  2.25772481
  1.33302341
  1.39955073
  1.23531814
  2.51710323
  1.66140676
  1.66806454
  1.75736070
  2.51471648
  2.16844607
  1.67497434
  1.27843420
  1.44322256
  1.49523703
  1.45345569
  1.73853562
  1.16137333
  2.32516873
  1.11766741
  1.21304537
  1.85984496
  2.45477651
  1.51192175
  1.23806907
  1.31057976
  1.91609271
  1.62535900
  1.46621127
  1.74612977
  1.41310291
  1.23172006
  1.21687332
  1.44065005
  1.93803617
  1.13200676
  1.44003891
  2.82501771
  2.01862672
  1.15030644
  2.19129080
  1.53277684
  1.47022781
  2.53514162
  1.58536531
  1.99915492
  1.31440488
  2.29591162
  1.76695628
  1.58264015
  1.23994095
  2.34770730
  1.49806787
  1.16718825
  2.79500453
  1.10582712
  1.60943521
  1.30871953
  1.98338229
  2.57256764
  2.14832760
  1.73642306
  1.45337562
  2.80651842
  1.73864480
  1.90166193
  1.96154681
  1.16350741
  1.90176035
  1.53023294
  1.25205668
  2.42755919
  2.55906973
  1.80745183
  1.96970947
  1.55397010
  1.17106367
  1.34421797
  1.52153493
  1.20811874
  1.47098476
  1.61535580
  2.04227306
  1.72411050
  1.45353774
  1.45293614
  1.63256964
  2.14846677
  1.28134407
  2.43039448
  2.59770896
  1.16168382
  2.09661295
  1.59170405
  1.95904391
  1.80217575
  2.99205985
  2.28813322
  1.49354324
  1.68844860
  3.07442884
  1.30072757
  1.60780622
  1.20149722
  1.96677177
  1.82876205
  1.62898676
  1.74332498
  1.33294455
  1.45672531
  2.73567988
  1.05792714
  1.12665426
  3.94207827
  2.02393955
  1.49018182
  1.18865957
  1.51606659
  1.49198299
  1.63362343
  2.00544202
  1.55706388
  1.70084514
  1.46461949
  1.43179496
  1.14214489
  1.75662457
  2.23651284
  2.50382008
  1.06636420
  1.31074364
  1.82058190
  1.61954218
  1.52288047
  1.57039325
  1.55189155
  3.00910830
  1.32951466
  1.44898693
  1.37863002
  1.46702196
  1.47118379
  1.19118101
  1.85990284
  1.59542363
  1.86817041
  3.15586811
  1.27553112
  1.50444128
  1.94467704
  1.67347976
  1.11596386
  1.52176527
  2.44972143
  2.29225195
  1.61571985
  3.96697953
  1.41193452
  1.32773881
  1.76435217
  1.75630363
  1.79707510
  1.55963467
  2.35474957
  2.03996004
  1.70965773
  1.37906708
  1.53902842
  1.27722684
  1.43059508
  1.09082735
  1.23467659
  1.86721801
  1.87734151
  1.49211441
  1.83873721
  1.28855673
  1.68043749
  1.70952708
  1.44465829
  2.72411305
  1.79912194
  1.26407363
  1.87312030
  1.43571364
  2.35069400
  1.12775476
  1.35996369
  2.17138380
  1.62883380
  1.69183600
  1.52354035
  1.64764833
  1.79423655
  1.72303149
  1.33296424
  1.87964988
  1.82780142
  1.47317194
  2.23221064
  2.34429593
  1.84940356
  1.92101824
  1.24007838
  2.12927639
  1.27795130
  1.29655633
  1.42879857
  1.32404065
  1.37503277
  1.73128536
  1.90572719
  1.26170711
  3.19665133
  2.26792111
  2.13406024
  1.43974836
  1.71342673
  1.58154002
  2.79555562
  2.42121856
  4.52266416
  2.78795313
  1.30012299
  2.12126110
  1.60101991
  1.44220920
  2.82599087
  2.74396240
  1.18347006
  1.71109535
  2.55150806
  1.35851109
  2.40302248
  1.87493428
  1.70806943
  1.63242188
  1.24005054
  1.33169506
  1.73755655
  3.90506358
  1.41419502
  4.35496850
  1.30641567
  1.88022387
  1.75604587
  1.56345900
  1.39059439
  1.29529935
  1.50796809
  2.05718819
  1.23794808
  1.76782344
  1.80339159
  2.10675478
  1.54732317
  1.75629403
  1.29613977
  1.91820172
  2.01525817
  2.31008698
  1.34488778
  1.43515776
  1.44170801
  1.81826759
  1.59070973
  2.43971511
  1.64015759
  3.39468237
  1.87852020
  1.25274895
  1.61691153
  1.61929971
  1.94185599
  1.99936075
  1.48101193
  1.16691813
  1.55566631
  3.28245539
  1.59761548
  3.03521776
  1.79960599
  2.50963902
  1.23496435
  1.68057826
  2.07326207
  1.45068671
  1.19572881
  2.97918523
  1.71878153
  1.50649667
  1.38162694
  2.56872613
  1.78920593
  2.63401693
  2.32782754
  2.06107848
  2.08744692
  1.33563866
  1.30915657
  2.60781126
  1.84213796
  2.20106418
  3.05427690
  1.17562298
  1.34930662
  2.28102431
  1.81157046
  2.64040195
  1.46950903
  1.70474387
  1.93352842
  1.47166169
  1.60036354
  1.99848219
  1.36535230
  1.16990091
  2.21432299
  1.76533021
  2.08107415
  1.35251091
  1.45976544
  2.04289154
  3.46718741
  3.30694282
  1.58793311
  4.33547375
  1.17587279
  2.18572740
  1.25529921
  2.37409999
  2.10073706
  1.21189463
  2.28994993
  2.43887211
  1.30344913
  2.09858039
  1.80998112
  1.58192502
  1.21991055
  4.92571263
  1.32266128
  2.12722533
  1.48848461
  1.97314137
  2.05376672
  1.28557710
  1.29325729
  1.53470045
  1.77129613
  1.50776691
  1.46537253
  2.17058499
  1.22603775
  1.65611526
  1.42585413
  1.36467674
  1.26394345
  2.78104833
  1.51876336
  1.14551767
  1.44720412
  1.29817337
  2.26809715
  1.35648248
  1.16567575
  2.21656104
  2.03344987
  2.23848005
  1.33885831
  1.65004781
  2.46052724
  1.70747410
  1.40944083
  1.50989852
