  0.90392826
  0.67596846
  0.73459342
  0.42458421
  0.73400916
  1.01425308
  0.69648583
  0.42951652
  0.36183102
  1.29950470
  0.85616355
  0.44968175
  0.63716950
  0.62402507
  1.50529587
  1.39764491
  0.59518314
  0.24345533
  0.77062352
  0.55538148
  1.37239640
  1.02480569
  0.93937357
  1.02840216
  0.95058979
  1.12631649
  0.49011977
  0.26790390
  1.39233480
  1.25096685
  1.52612323
  0.16562297
  0.38735578
  1.37718735
  1.75672871
  0.74639059
  0.68745161
  1.00469195
  1.05263719
  0.28733891
  0.20028460
  1.67425779
  0.32234882
  1.13297694
  1.14937196
  0.63950565
  0.06684764
  1.27343136
  0.81587397
  2.46714428
  0.24874974
  1.18437177
  1.12760671
  1.89964530
  1.28522674
  0.66964345
  0.42538815
  1.69927666
  0.91360928
  0.36870794
  1.47078010
  0.07341720
  0.95219570
  1.42472556
  0.44128911
  1.03095032
  0.74254183
  0.76960425
  0.47140161
  1.17575031
  0.92170139
  0.80643289
  1.35723625
  1.00013848
  0.49415670
  1.23269471
  1.83819993
  0.88540573
  1.60407467
  1.36954445
  0.48629668
  0.90685191
  1.52383537
  0.19770259
  0.74860340
  1.11221797
  1.07249692
  1.13431468
  1.29567675
  0.84244769
  0.22943674
  0.67578588
  1.00464739
  0.69490875
  0.52422006
  1.33659816
  0.49609962
  0.27838441
  1.33479173
  1.31758773
  0.95932462
  0.49544208
  0.29376805
  0.37426346
  0.81294814
  1.41664889
  1.04889123
  0.44692458
  1.43220468
  0.89622680
  1.44426297
  0.79734127
  0.67985714
  0.97034187
  0.79569001
  0.91954426
  1.18298567
  0.48850250
  1.41549854
  0.99307656
  1.48407478
  1.29631896
  1.32197268
  0.82160952
  0.45050395
  1.08275794
  0.56587131
  0.85480805
  0.68003494
  1.04404412
  0.80378685
  0.79226236
  0.93745873
  1.68942711
  1.23761849
  1.73682642
  1.69559521
  0.66468136
  2.11879619
  2.08123591
  1.35155994
  0.49173289
  0.26604162
  0.10070509
  0.73379155
  1.29035474
  0.47896980
  1.45834319
  0.39595370
  1.04362438
  1.79402356
  1.39419461
  0.55367633
  1.16863784
  0.65903687
  0.72241956
  0.94861858
  0.96455807
  1.57721272
  1.07066310
  1.81446420
  1.60534589
  0.87410230
  1.42492864
  0.18955919
  0.32625539
  1.05768581
  1.57342687
  1.36921366
  1.24698327
  0.20199603
  2.08175276
  1.63053295
  1.17125451
  0.89818707
  1.39340633
  0.63840593
  0.48467719
  1.58002356
  0.40077053
  2.45669026
  0.50999372
  0.69485884
  1.63717187
  0.76968469
  0.97043723
  1.10865374
  0.98887211
  0.58671707
  1.35750452
  0.65856427
  1.16628599
  0.60599092
  0.24841932
  0.26552831
  0.84140358
  1.12136746
  1.24329170
  1.10136995
  0.49440163
  0.57717590
  0.09300605
  1.07279151
  0.12232132
  0.56500344
  0.17780832
  0.81708546
  0.98390361
  0.99125624
  2.05154303
  1.95264385
  0.59777579
  0.41476290
  0.64304726
  0.87279637
  0.35615727
  1.54230970
  1.70650082
  0.92897986
  0.86604575
  1.36828342
  0.70409630
  0.18443245
  0.96918721
  1.33407689
  0.36493661
  0.29929102
  0.47807899
  0.63874226
  1.35322427
  1.74349106
  0.64663147
  0.50462870
  1.17542900
  0.99168738
  0.62690711
  0.29167545
  1.46747062
  0.16297418
  0.86737846
  1.37697232
  0.19610991
  0.13232452
  0.70076037
  0.13337472
  1.37327574
  0.27839460
  1.29207164
  0.37664149
  0.77820612
  0.80818413
  0.72238262
  0.62716953
  1.24041214
  1.57833558
  0.91569690
  0.86024490
  1.59455593
  1.05012687
  0.48897433
  0.86495204
  0.78953691
  1.08720516
  1.29966713
  1.03119389
  1.87327175
  0.62361286
  1.08108022
  0.57816075
  0.78723324
  0.54524705
  0.65184730
  1.45271419
  0.33301821
  0.93072660
  0.28823249
  0.80332885
  0.82102195
  0.96486360
  0.55888208
  0.39318546
  0.65084250
  0.63322902
  1.24218305
  2.16737570
  0.37624785
  0.83808477
  1.39991938
  0.71162175
  0.78044853
  1.15727548
  1.13740052
  1.05381077
  0.68231956
  0.67923859
  1.25237801
  1.33166485
  0.63906559
  0.79027145
  1.57909977
  1.77006866
  1.55590781
  1.45964217
  0.80912963
  0.76721861
  1.84457965
  0.93151909
  0.68723123
  0.65914892
  1.05364504
  1.52982695
  0.96435742
  0.39591221
  0.55955787
  1.27742041
  0.93406925
  0.40326529
  1.01982975
  0.39322522
  0.99970300
  1.34506834
  0.84549645
  1.19086538
  0.36258112
  0.47253467
  0.37336565
  0.30450537
  1.65499917
  0.41282764
  1.96642691
  0.84805960
  1.20400212
  0.76693626
  1.40746226
  1.14967538
  0.96119402
  1.14279533
  1.00386730
  0.56903011
  0.99170612
  1.82958672
  0.99708846
  0.50861291
  0.22807274
  1.27087047
  1.01460067
  0.86655638
  0.92437151
  0.29239137
  0.96438916
  0.46978957
  0.50793762
  1.56438828
  1.26714287
  0.52007243
  1.16797514
  0.95305660
  1.80157611
  1.77784317
  1.35366772
  1.12593667
  1.01767442
  0.80011880
  0.44464161
  0.46378290
  0.64592351
  0.99133878
  1.17770511
  1.29883862
  0.42490254
  1.13741965
  1.12093198
  0.96037143
  0.40353031
  1.26644658
  0.99213444
  0.10602166
  1.02193421
  0.55945654
  1.10962935
  0.98753428
  1.45964319
  1.25308772
  0.37490367
  0.35702738
  0.40165783
  1.23278964
  0.46336152
  1.13750673
  0.57964029
  0.96027885
  1.18436167
  0.41969540
  0.66685996
  0.44122860
  0.96142635
  1.31947148
  0.72491133
  1.10836740
  0.18736012
  0.46134974
  2.24523712
  1.50182397
  0.44909020
  1.83148619
  1.04583332
  0.69535333
  2.36390046
  0.29276645
  0.65605023
  0.95902242
  0.74493002
  0.24577491
  1.65632262
  0.08613519
  1.19894559
  1.40677035
  1.03069687
  0.58442692
  0.80822117
  0.61610765
  0.03151038
  0.64006893
  0.66830552
  1.15778202
  0.92182684
  1.20980255
  0.69487852
  1.30665541
  0.70709366
  1.49522723
  0.94538030
  0.59012803
  0.67760396
  0.54393382
  1.17877220
  0.30356715
  0.33062374
  0.44968544
  1.21056384
  1.23584134
  0.62889638
  0.68773779
  0.54881475
  0.79982066
  2.23664269
  0.82921323
  1.86862049
  0.17565697
  0.59466859
  1.40391480
  0.90395867
  0.58266223
  0.77829315
  0.85495941
  0.30396523
  0.75297748
  1.71625039
  0.37993787
  0.83584609
  1.06590353
  2.24174068
  0.77318301
  1.47351829
  0.16817968
  0.88233923
  1.01940972
  1.66496959
  0.77874828
  1.45031746
  0.38297416
  0.30366135
  0.20556528
  1.94910000
  0.10532387
  1.76425487
  0.37436615
  0.84772783
  1.45114809
  0.86306435
  1.25670765
  1.44024277
  1.47577128
  0.85727828
  0.60096438
  1.43854373
  0.23729839
  0.28703321
  0.96266303
  0.08034330
  0.98738035
  0.52290918
  0.62011986
  0.16869739
  1.17834677
  0.97046678
  0.84517142
  0.90355398
  1.81030112
  0.71930314
  1.15778716
  2.16896204
  0.67550696
  1.01716692
  1.39423324
  0.97303746
  0.71059663
  0.76472981
  0.49801052
  1.67302559
  1.20232952
  0.99467176
  1.23704012
  0.30683074
  0.78410990
  0.25042029
  1.29813622
  0.50921742
  0.91426052
  1.06717197
  1.93758005
  0.31031164
  1.61678407
  1.22833122
  0.21407889
  0.59611601
  0.48427214
  0.72716242
  1.19140309
  0.99946869
  0.95236121
  1.58369085
  1.28252553
  0.86233360
  0.70754693
  0.46563693
  1.01396748
  0.72258440
  0.60053872
  0.74186477
  0.73172705
  2.24707588
  1.16939580
  0.83534444
  1.52534011
  0.50304539
  0.83930692
  0.81360401
  0.94353838
  0.45395815
  1.25345026
  0.66337610
  0.93993692
  1.30924952
  1.01049404
  1.02233373
  0.45603984
  1.03890989
  0.80308617
  0.14810586
  0.94351463
  0.53639561
  0.51293760
  1.15838532
  0.80199859
  0.76641442
  0.80102566
  1.59184178
  0.78217291
  1.07079347
  0.60560087
  1.09612801
  0.64335534
  1.33286476
  2.22480232
  0.15341095
  1.61867427
  1.15553177
  1.17396635
  1.20198693
  1.72178114
  0.45138022
  0.77821560
  1.49188691
  0.57452023
  0.37047620
  0.90863769
  0.26653134
  0.65534853
  0.61315616
  1.55506824
  1.59294450
  1.46488742
  0.74532146
  0.33665230
  1.78672382
  1.58126002
  0.67772164
  1.54184804
  0.94797638
  1.19772137
  0.28511238
  0.72085052
  0.62587064
  1.52440198
  0.81347045
  0.73382019
  1.23299282
  0.31040624
  0.59603296
  0.69199285
  0.70313556
  0.72285432
  0.46757963
  0.20384018
  0.49705190
  0.95858670
  1.39040605
  1.52930677
  0.51502206
  1.49425259
  0.91625046
  1.01836026
  0.57877432
  0.73406678
  1.59209469
  0.56346027
  0.71646646
  0.81707837
  1.10301923
  0.53962775
  0.53759922
  1.60384375
  1.00703895
  0.63097495
  0.92830589
  0.74196515
  0.32309674
  1.40723668
  0.88243304
  1.03315106
  1.70001989
  1.16599873
  0.48453797
  1.35948722
  0.07044039
  0.49413787
  0.83595036
  0.45693017
  0.39915384
  0.67580493
  0.39781813
  1.66289890
  0.90550781
  0.45704247
  1.62573388
  0.99413080
  0.73468069
  0.22972727
  1.57826237
  1.00338139
  1.90915555
  0.40185623
  1.13955807
  0.30117264
  0.93887961
  0.62462598
  1.24869807
  0.31626270
  0.52323986
  0.03228576
  0.66392831
  0.46416966
  0.73852511
  1.38648493
  0.63560899
  1.10106802
  0.15858194
  1.05693513
  0.51228112
  0.73310808
  0.65643635
  1.57151703
  0.51422725
  0.71619333
  1.88806435
  0.91818389
  1.72563266
  0.89465364
  0.72951319
  1.27394420
  0.36458893
  0.47212592
  1.50847055
  0.55144576
  0.46398852
  0.93809518
  0.51930838
  0.85867794
  1.28400146
  0.53290346
  0.72811369
  0.36832878
  1.16436539
  0.79447367
  0.29117009
  0.77159826
  0.46505879
  0.63213074
  1.03177032
  1.25990177
  0.64545720
  0.51739848
  0.30240650
  1.89277870
  0.19756576
  0.65530758
  0.74138773
  0.45708038
  0.28091145
  0.59768484
  1.00856811
  0.11034317
  0.32945257
  0.99629297
  1.31002608
  1.39617261
  1.25460095
  1.86177311
  0.54030669
  0.30346801
  0.46580708
  0.44666111
  1.11449961
  0.96835556
  0.40191465
  1.03397359
  0.40727195
  0.83193131
  0.58014935
  0.60080319
  1.28656313
  0.94133895
  0.28095018
  1.24424062
  1.75147289
  0.68776189
  0.37868938
  1.17935203
  1.30794711
  2.05248947
  0.78857306
  1.18156606
  0.45615712
  1.82476697
  0.61972870
  1.63995632
  0.63789135
  1.53424326
  0.89149786
  1.37606083
  1.36680700
  0.14170571
  0.51377179
  0.49354594
  0.39927411
  0.42731902
  0.70723272
  0.42357031
  0.72338991
  0.86847408
  1.26186650
  0.45904638
  1.08315471
  0.86829908
  0.71746578
  0.60383495
  1.59463915
  0.58900127
  0.83895717
  0.94165357
  0.54352089
  0.48793627
  0.55707286
  1.86943883
  0.91653749
  2.12824099
  0.98122984
  1.64907707
  0.57240595
  0.32069402
  0.90508752
  0.87941706
  0.91070168
  0.78923361
  0.77493781
  0.17532179
  0.72749986
  1.06982852
  0.85263735
  0.95979263
  0.14814971
  0.78994320
  0.22930560
  0.69334314
  0.61800299
  0.64894056
  0.49684709
  1.81188919
  0.19165279
  0.76238339
  0.91601347
  1.50837372
  1.26381916
  1.50493477
  1.00407678
  1.03649664
  1.71082661
  0.77522747
  0.43989362
  1.44254678
  1.61857089
  1.29621847
  0.62028016
  1.01336717
  1.30033419
  0.62368431
  0.35679568
  0.85194835
  0.25701694
  0.90583009
  0.80238045
  0.57062787
  1.07842303
  1.27718482
  0.94060479
  0.58367600
  1.27642057
  0.52039661
  0.82242615
  1.27119630
  0.76618005
  0.61506525
  1.20770254
  0.19233244
  0.42791254
  0.59376840
  1.52714774
  0.64570093
  1.84044517
  0.66624197
  1.06105262
  0.47756800
  1.89040475
  0.67010802
  1.38920915
  1.32659943
  0.93682387
  1.48312611
  0.35750277
  0.34364664
  0.27957141
  1.21033516
  1.76289061
  1.42689797
  1.07006300
  0.58047685
  1.13136915
  0.42252056
  1.82696278
  0.42545493
  0.51546235
  0.68846618
  1.74874752
  1.06968873
  1.02803820
  1.12903874
  0.78558382
  0.99306673
  0.69471938
  0.58572814
  0.72862566
  1.12333806
  0.38062875
  1.70860571
  0.39236224
  1.27085972
  0.70697566
  1.10657945
  0.97840222
  1.48202031
  0.87521641
  1.06062885
  0.67655106
  1.54714951
  0.63710287
  1.23499956
  0.27731626
  1.23933402
  0.60833522
  1.51242864
  0.66412009
  1.66651089
  0.59186806
  0.98160301
  0.73999759
  0.32981212
  0.48505248
  1.99693023
  0.67918584
  0.49559999
  1.06926440
  1.54514339
  0.49218147
  0.84000547
  0.43434058
  1.47587061
  0.72736271
  1.44283032
  0.32961076
  0.95311931
  0.40427815
  1.34191024
  1.28124166
  0.23294669
  0.45708777
  0.18788058
  1.82105560
  1.23957943
  1.43238990
  0.88101503
  0.67847735
  0.96828440
  1.62474859
  1.14928853
  0.48782437
  0.73962393
  0.79987660
  1.71590529
  0.93916164
  0.42831346
  0.70815700
  0.93316785
  1.57988769
  0.43352496
  0.87935321
  0.85776143
  0.25691867
  1.18604950
  0.89994329
  0.65657121
  1.13581574
  0.84176976
  1.00485337
  1.90408731
  1.14845437
  0.89973024
  0.72687082
  0.84410017
  1.21359846
  1.26560816
  1.41869905
  0.94157465
  0.86099302
  0.80798498
  1.04308206
  1.02822541
  0.83278712
  0.58472823
  1.26326069
  1.04670640
  0.39877989
  0.55968420
  0.57028772
  1.83568830
  0.28985273
  1.20233083
  1.29773088
  1.13196496
  1.25599150
  1.41742081
  0.69661364
  0.75633227
  0.16264968
  0.84529293
  0.87290996
  0.91935114
  1.40716180
  1.35381099
  0.49517478
  0.37406546
  1.08632362
  0.16777690
  1.24848924
  0.43420187
  1.16315961
  0.68391407
  1.24339440
  0.92216723
  0.76563533
  0.81487718
  0.31071018
  0.71410510
  0.33598423
  0.94044651
  0.62829582
  0.95262207
  1.28483643
  1.11960335
  1.31191941
  0.45308992
  0.58515781
  0.68222543
  0.75290130
  0.96429850
  0.93120519
  1.07481800
  0.77571265
  0.44129380
  0.16319230
  1.72356023
  1.19257385
  0.84488768
  0.22668060
  0.98703072
  0.81220064
  0.37554799
  1.43757040
  0.59772790
  1.37149514
  1.97735065
  1.18281974
  0.88058647
  0.43916628
  1.20783701
  0.22806154
  0.27814555
  0.81842958
  0.62543854
  0.60452948
  1.31742830
  1.46738225
  0.72393586
  0.57241614
  0.31058931
  0.38299060
  0.61108380
  0.69526365
  1.32823805
  0.78304444
  0.29099139
  0.46173110
  0.90734082
  0.65281695
  0.65975615
  0.81683609
  1.42959257
  0.77729061
  0.76110925
  0.68326338
  0.48405574
  1.14069580
  0.41666463
  0.51859154
  0.21602178
  0.56746648
  1.75269291
  1.19496727
  1.85956738
  0.81022376
  1.78518858
  0.44515942
  0.20626194
  1.30026116
  0.65485294
  1.67758479
  1.00262746
  0.36403642
  0.79047568
  0.26900004
  0.46081136
  1.59916459
  0.18353221
  1.12860242
  0.37255711
  1.33613310
  0.74418817
  0.33994309
  0.42122104
  1.43093868
  1.05840204
  1.31196781
  0.51069945
  0.73284984
  0.74428144
  0.95416968
  0.92292512
  0.63205240
  1.55981576
  0.20548891
  0.70547312
  1.41841375
  0.78341367
  0.80880726
  0.35019532
  0.52782122
  0.88921079
  0.16564886
  0.74890433
  1.43198986
  1.24558438
  0.21568447
  0.93286677
  0.16004054
  0.54795692
  1.60964514
  1.58122794
  1.01963020
  1.15687162
  0.72123153
  1.44823016
  0.94905451
  0.89930750
  1.48054438
  0.67744486
  1.67244953
  1.17815500
  0.84817909
  0.05858743
  0.52677960
  0.83719072
  0.64762489
  1.01671919
  1.01371005
  1.76310425
  0.17635084
  1.03269665
  1.06520669
  0.34706433
  2.17177297
  0.52225251
  0.58178673
  2.41747779
  0.87169186
  1.76958554
  0.74162085
  1.59368914
  1.42715408
  0.63064733
  1.50090711
  0.10387032
  0.31460385
  1.50000307
  0.93676338
  0.67276711
  0.57913781
  1.24334473
  1.90589911
  0.99838473
  0.87056575
  0.21683282
  1.32152953
  0.35236330
  0.29588744
  0.55359129
  0.91533515
  1.01177673
  1.15870550
  0.53506470
  0.28407873
  0.26158764
  1.40367069
  0.29193005
  2.15674956
  0.75065777
  1.37453284
  1.86800460
  0.85452498
  1.99374432
  1.63160354
  1.72397639
  0.84663268
  1.64614062
  0.53422118
  0.88169109
  0.62810425
  0.50372444
  0.60634918
  1.01878662
  0.04744373
  0.67969244
  0.58629198
  0.11045229
  1.13700813
  0.76828616
  2.52735177
  1.49873221
  1.13576357
  1.12559634
  0.40886214
  1.01371075
  1.22847788
  0.74710811
  1.12708747
  1.42001007
  1.88312385
  1.22077750
  0.61397678
  0.88077605
  0.34851283
  1.41726760
  1.92376587
  1.46038704
  0.69253108
  0.81298980
  1.49277630
  0.31320482
  0.61983619
  1.59564050
  1.23104175
  0.22404709
  1.00268876
  0.57576692
  1.32062139
  0.95834455
  0.34475164
  1.15181557
  0.48807964
  1.70431967
  1.19694929
  0.54523124
  0.52637814
  0.65111561
  0.36908460
  0.53150052
  0.22765127
  0.34742636
  0.86887296
  0.37092036
  0.76959037
  0.16776783
  1.46507460
  0.57914919
  0.70349931
  1.76030057
  0.14643845
  0.11074881
  0.97259590
  0.75033135
  1.01276974
  0.97800906
  0.66294088
  1.25972104
  0.47882231
  0.81014552
  1.52543629
  0.97815203
  0.40648515
  0.99042488
  0.27904620
  0.31974984
  1.33613434
  0.45976307
  1.90978393
  1.13050143
  0.81346184
  0.46215570
  0.51996440
  1.19669322
  0.70302355
  0.98989493
  0.03547578
  1.31846183
  2.10404233
  0.65164817
  1.18753399
  2.32308214
  0.51722896
  1.45700944
  1.50200195
  0.73460857
  1.48448083
  0.88806791
  1.29122065
  0.13874180
  2.11253069
  1.15320797
  0.66774704
  2.63562736
  1.12446051
  0.61725220
  0.47146304
  1.91370368
  0.59508532
  0.91827587
  0.70279775
  1.52565308
  0.34426826
  1.22362903
  0.97789549
  1.25411477
  0.41707440
  0.59963136
  1.22245787
  0.99624372
  0.18700633
  0.79993617
  0.73941611
  0.80945628
  1.48708615
  0.89656708
  0.39345146
  0.73187910
  0.62532203
  1.45008360
  0.92178613
  2.00423976
  1.06439707
  0.96021737
  0.56858540
  1.23931819
  0.63330045
  0.44259071
  0.63251002
  0.84817698
  0.89211914
  0.72702641
  1.21383550
  1.12038032
  1.18090668
  0.39803539
  1.22339386
  0.36181890
  1.24961065
  0.34375745
  0.89673813
  0.90235644
  0.96420147
  1.49847084
  0.80495456
  0.47052987
  1.36784775
  1.61041960
  1.10957797
  0.19798794
  0.62617075
  0.35896684
  0.61815888
  0.59684326
  0.83312170
  0.77721059
  0.30695754
  1.13396665
  1.22477239
  0.62864921
  0.85338147
  0.61474711
  0.94311643
  1.24610520
  0.24509127
  0.85163062
  0.86130467
  0.81890450
  0.89863090
  0.96778780
  1.31423687
  1.86722600
  0.48233558
  1.29591360
  0.32084401
  1.23091560
  1.60962907
  0.75806067
  1.38054035
  1.26692429
  0.19518854
  0.58672770
  0.92683220
  1.42606279
  0.88490952
  1.78196261
  1.92356011
  0.89202405
  0.71831968
  0.56437065
  0.90652078
  0.22470307
  0.99406398
  0.16928293
  1.47843027
  1.00371799
  0.36911561
  1.06099158
  0.64015436
  1.07497787
  0.86673198
  1.90604298
  0.37987145
  0.54664829
  1.14735556
  0.49216428
  1.33862676
  0.71629000
  1.57590963
  1.85771208
  0.44397548
  0.88500740
  0.67518919
  0.75890634
  0.33142142
  1.56207231
  0.68313782
  0.93390824
  0.48499417
  0.89928394
  1.45866550
  1.61822680
  0.47857655
  0.59307236
  0.67631418
  1.35212819
  0.84573125
  0.79980315
  0.49621860
  1.41629690
  0.72531280
  0.53463804
  1.19983580
  0.76529680
  1.66420656
  0.31869282
  1.01939905
  2.10621160
  1.32431393
  0.55724418
  1.25104780
  0.71498162
  1.95096112
  1.73149858
  0.73755622
  1.24636178
  0.39876627
  0.72012937
  0.65397479
  0.88665680
  0.84792581
  1.15993725
  1.85471506
  0.57217223
  1.03459020
  0.16859009
  0.82943698
  0.65165877
  0.15987988
  1.18960229
  1.11019106
  0.79854768
  0.41735173
  0.10431272
  0.29284089
  0.63835527
  0.60387331
  0.67292058
  0.94785494
  1.02995130
  0.55005101
  0.95428343
  1.59288612
  0.51630237
  1.61882001
  0.64710229
  1.12012226
  0.72775906
  1.33040516
  1.03916423
  1.20005631
  1.05728051
  0.59675964
  0.34704414
  1.20620785
  0.52838050
  0.33961903
  1.84197819
  0.99446598
  1.91458008
  1.05542425
  0.38420615
  0.68986484
  1.40926490
  1.09119633
  0.34806267
  0.69204502
  1.08688991
  0.40913946
  0.78536631
  0.76218849
  1.43991713
  0.64692190
  0.90362630
  0.20259366
