  0.55827566
  0.44688598
  0.31474464
  1.14205895
  -0.08660675
  -1.13086471
  0.68646092
  3.20233810
  -1.46755816
  1.16509918
  -0.03701043
  0.03855820
  0.00889582
  -1.45306173
  0.62194484
  -0.38521578
  -0.00381913
  -1.38381133
  -1.86425686
  -1.13131081
  -0.23268556
  -0.30425409
  0.41707350
  0.39498972
  0.61334861
  -3.11384306
  -0.89941570
  -1.80534893
  -3.01157322
  -0.56455061
  -0.98368174
  1.80430264
  5.69885004
  0.54841680
  0.45905011
  1.05057309
  -0.61343819
  -1.00526854
  1.77002612
  0.55179301
  -0.02543689
  0.23960738
  0.79386912
  -0.75155533
  0.55319163
  0.69291189
  0.39801205
  0.93537087
  1.37928052
  0.61613385
  -2.18396717
  -0.29856049
  0.17276035
  -1.14810099
  -0.47917815
  -0.13009527
  -0.21238420
  -0.28663608
  0.19161805
  1.85939473
  -1.39925499
  1.72748219
  -0.66974422
  1.27286633
  -1.22055699
  -0.34592701
  1.76019973
  -0.97254093
  -1.31279518
  -0.85073063
  2.05504402
  1.68089797
  -0.48089356
  -0.11044632
  -0.47735566
  -1.25915860
  0.59383873
  0.33902484
  0.71046311
  -1.34834705
  -1.42087851
  -1.50566928
  0.05400115
  -0.04438052
  1.47363410
  0.60221968
  0.00110272
  -0.48819639
  -1.38158209
  0.81501769
  0.40684161
  -0.47474684
  -0.41292779
  -1.10163627
  0.79813485
  -2.15546192
  -0.21775998
  0.35116313
  -1.24748655
  -1.25790600
  -1.90852003
  -0.91832009
  0.26747682
  -0.57452512
  1.00696508
  -0.07340222
  -1.20012966
  1.02459912
  0.98242520
  -0.21967300
  0.91069778
  0.06961834
  -1.31230405
  -2.82027753
  0.24371938
  0.10396494
  -1.07881258
  -2.12808562
  -0.74493983
  -1.41820233
  -0.88071710
  1.38222035
  -0.77501057
  -0.16447066
  -0.84007214
  -1.95982554
  -1.08223787
  0.85389556
  0.45607797
  0.52314478
  0.76812670
  -0.39356363
  -0.00023467
  -0.80875770
  -0.44561656
  0.36686495
  0.26521190
  1.67096730
  0.94132050
  1.67596044
  0.73194981
  -3.16638690
  -0.59756501
  0.33801753
  0.30217044
  0.25353990
  -0.50581551
  -0.60078209
  -0.00472644
  -1.39677530
  -1.79276192
  0.48427765
  0.28943998
  -1.93100456
  -0.87246696
  0.71721378
  -0.24509444
  0.02488193
  -0.69940732
  0.21883715
  0.22741412
  1.12452062
  1.33946309
  0.19654055
  0.46600673
  -0.01965105
  0.36212776
  -0.81686714
  1.98270008
  0.49784686
  0.10261517
  0.59224175
  0.57331808
  -0.30440554
  0.97697236
  0.87718067
  -3.63957536
  -1.39733407
  -3.77604338
  0.03364417
  -0.35286651
  0.24378287
  -0.71989380
  -0.68957601
  -0.07886286
  -4.90884500
  -0.77622941
  -1.10308704
  1.60135305
  -0.39020347
  2.15252376
  0.59446059
  2.26850833
  1.75068019
  0.80558218
  0.93506826
  -0.32656767
  0.37942638
  -1.29102831
  0.11298266
  0.73262961
  0.58180075
  -1.42163642
  0.69776395
  -1.10496180
  0.47242506
  0.64277434
  -1.84299229
  -0.79387759
  1.86699836
  -1.60649326
  -1.62374725
  2.64463365
  -1.78725108
  -2.27970820
  0.35414929
  -1.77822873
  1.23045747
  0.17991695
  0.56503718
  1.28000220
  -1.29935620
  -0.92601570
  -0.64183825
  -1.60832676
  -0.67983107
  -2.45696020
  1.20574636
  -0.64365707
  0.27960741
  -0.16016227
  0.56621149
  1.61876369
  0.84913407
  -0.27242161
  0.15495816
  1.03219083
  -0.55771305
  0.74855908
  -0.62667633
  -1.60158892
  2.21910912
  0.41692357
  0.04590184
  1.68226051
  1.17295433
  0.26394243
  -1.51284168
  -0.98367751
  -1.16357161
  0.03865869
  -5.22721127
  0.41942582
  1.14810485
  -0.03469026
  0.52621860
  0.44431666
  -0.65187454
  2.28144571
  -0.99405217
  0.76345689
  1.76067613
  -1.06493362
  -2.15922385
  0.93440049
  0.00514367
  -0.90475521
  0.56813995
  -2.56651551
  3.12292651
  0.10341175
  -0.33851029
  -1.86844745
  0.21478375
  -0.07927767
  0.18385086
  0.35454419
  5.64398916
  0.04913553
  -0.26197449
  -0.28030927
  -0.31895233
  0.32095569
  1.84773607
  1.24466877
  -2.32238586
  -0.18330530
  -0.37117933
  0.83380331
  0.21661900
  0.50286827
  -0.30945440
  1.99787532
  -0.79909813
  1.27949999
  1.39114718
  0.38470529
  0.06685692
  1.82635881
  0.04880498
  1.26259753
  0.20407270
  -0.95298332
  -0.67689002
  1.75659021
  1.26844430
  1.13556097
  0.86219322
  -0.48482837
  -1.95012875
  -0.93289365
  -0.80489291
  0.01881125
  0.08531963
  -0.62529590
  0.61600576
  -0.22459043
  -0.53543469
  0.25829386
  -0.62382918
  -1.61034988
  0.59373260
  2.17496060
  1.64427171
  -1.58489678
  -2.12309659
  -0.17631924
  -0.87830564
  2.14013738
  0.27329514
  1.03548153
  0.88650472
  0.56847070
  0.67575571
  -1.56472120
  -1.64296010
  0.77544518
  0.82842801
  0.79415638
  2.08920439
  -1.14392953
  -0.56649953
  -0.37527602
  0.12496961
  -0.67858989
  1.37269240
  -0.15280286
  0.11130707
  0.06024633
  -1.39298402
  -0.90577855
  -0.54885622
  -1.24685453
  1.93053232
  0.32460388
  1.50116102
  1.35330773
  0.78407172
  -0.47337209
  -0.07769602
  2.37817375
  -1.36454845
  0.46290257
  -4.45581842
  0.33027993
  0.17181678
  1.50410523
  0.49687914
  -0.25053799
  2.07734859
  2.17811228
  0.51190233
  0.96131518
  0.48103858
  0.24683707
  0.35034481
  1.41108993
  -0.30092720
  -0.31899796
  -1.09557737
  0.24796939
  -1.24379289
  0.64017518
  -0.72099186
  -2.16464540
  0.70385894
  0.19395581
  -0.14440988
  1.64327443
  -1.00481054
  0.13225226
  0.52665472
  1.66728033
  -0.09969861
  0.86400164
  -0.71219233
  -0.27377741
  -0.78315543
  0.11995139
  -0.45354943
  -0.22617798
  -0.77534695
  0.10775108
  0.78764595
  0.65364991
  -0.75372881
  -0.62825472
  -0.74893473
  -0.77381204
  2.82771519
  0.40487671
  -1.10731377
  0.30908488
  1.61345108
  1.30976940
  0.44359847
  -0.78440450
  4.78102798
  -0.30149591
  -0.73610803
  -0.32911578
  0.58755035
  -0.43762311
  -1.72473421
  0.20595871
  0.18198811
  -0.69059536
  -0.02734932
  -0.53439322
  -0.02856678
  0.74044698
  0.74173330
  0.57891943
  0.96356870
  -0.60803234
  -1.38805127
  0.56981023
  -2.11422660
  -0.34233415
  -0.59988709
  -0.19720135
  -2.11862656
  1.02504439
  -0.76493181
  0.90655354
  1.05406521
  -0.96441321
  0.55470750
  -0.12269706
  -0.69028695
  2.12009724
  0.80100818
  0.32023936
  0.63822347
  -0.36352679
  0.51529409
  -0.17476105
  -3.21627314
  -0.34982643
  -0.23891549
  -0.74766802
  0.79008114
  0.19901921
  1.75705089
  -0.43768922
  1.48998306
  1.07101525
  0.92242560
  -0.28655448
  3.73113539
  -2.15575079
  -0.06487017
  -1.29704029
  0.37154663
  0.29854493
  1.45054717
  -1.85826285
  0.32443278
  1.96100737
  0.71835987
  0.39545766
  -0.82734041
  -1.71267619
  -0.24715435
  0.49107491
  0.27458933
  -1.09000081
  -0.77814558
  0.79623567
  -0.76508774
  0.37131628
  -1.33844695
  -1.76515601
  -0.62246080
  0.87191427
  0.20684010
  -0.59211370
  0.53086555
  0.58438682
  -1.26812304
  -0.73431248
  -1.60823522
  -1.11162222
  -1.54940884
  -0.60478100
  0.14074927
  2.61223491
  3.48417640
  1.68059590
  0.22699339
  0.19371687
  0.16230432
  -1.33442077
  -0.74897150
  0.24534879
  0.46958417
  -0.43473513
  -0.62387788
  2.07815615
  -0.55532966
  -1.75928149
  0.80796369
  0.83341355
  -1.48135246
  -1.36527504
  1.66002815
  -0.68937244
  0.29839107
  0.78145882
  0.06383369
  0.84819886
  0.09402052
  -1.03785053
  -1.06366563
  1.84021246
  -0.52764977
  -0.01704914
  -1.92749556
  0.71634801
  -1.42237946
  -0.16053934
  -0.23321873
  -0.58460318
  0.79056415
  -0.48137679
  0.73014204
  -0.68232884
  -0.07203178
  0.55961846
  -0.88717166
  -2.33593852
  -1.73381405
  -0.44351548
  0.18909767
  1.56131971
  1.68037100
  -1.28890575
  -0.58372969
  0.00279854
  -1.05516205
  1.92548389
  -1.05450122
  0.32743467
  -0.81011231
  -0.00618097
  -0.30276706
  -0.40262926
  -0.56070663
  -0.30908825
  0.82406349
  1.18663300
  -1.35485257
  2.13432144
  -0.28654598
  0.79933463
  1.62240142
  0.43346920
  0.21687303
  0.73745182
  0.86579736
  0.82808445
  0.88117039
  -0.45835780
  0.89665503
  -1.04713308
  -0.84537843
  -1.62195267
  -0.93291120
  -0.09785997
  2.71285325
  -0.18829045
  -1.20153969
  0.40914717
  0.23402695
  -2.86874201
  1.01033278
  0.81407344
  0.41701251
  -1.25831881
  -0.36013936
  -1.80107071
  0.15050234
  1.91664515
  -0.12731863
  0.27004503
  1.86698582
  1.01607605
  0.19480540
  -0.24268221
  0.72561576
  1.08294265
  1.47211752
  0.16695902
  -0.43271793
  0.40974474
  -1.58020031
  -1.54179667
  0.85762805
  -0.27475473
  -2.93895243
  0.06403017
  0.55681468
  0.83752418
  -0.84036660
  -0.78300461
  -0.06051408
  0.67579191
  -0.19699073
  2.75767886
  1.05853316
  1.19663942
  -1.21395476
  1.82649114
  0.49124538
  -0.28787138
  0.12592006
  -0.18033688
  -1.68416105
  -0.57847809
  -0.10158071
  -0.02163511
  1.02232795
  0.32324668
  0.27336863
  0.35178429
  0.64552254
  1.60600326
  -0.13284335
  5.04879047
  -1.16655202
  1.59316599
  -0.66707053
  -0.05903845
  0.38674629
  -0.76020757
  -2.82982568
  -0.86535570
  -0.18920229
  0.25737456
  -0.86981587
  -0.03744910
  -0.23422727
  0.81445268
  0.87433568
  0.77307541
  -0.49907376
  0.29426972
  -0.61682689
  0.28462036
  1.17801564
  0.58427894
  0.12189706
  0.37810395
  -1.53421898
  -3.70462321
  0.59677421
  -0.00266013
  0.00733661
  1.30909942
  -0.65683147
  -1.35163240
  -0.39395043
  0.86167681
  1.23196194
  0.75977552
  -1.65365295
  -0.94432633
  -0.32498402
  -0.27204597
  1.29063811
  0.63244230
  0.45220012
  -2.94075034
  -0.89391230
  0.45994697
  0.75681792
  -3.70439842
  1.12179455
  0.87809546
  0.25362383
  -0.61321847
  -0.27536599
  -0.89223779
  -1.46603349
  -0.94879876
  -2.99985524
  -0.37501167
  -1.33886717
  1.27511742
  0.28683164
  -1.16574924
  0.19975726
  -1.36130688
  -0.19685875
  1.72823465
  -0.35143108
  0.39703473
  -0.55157950
  0.34501505
  0.13171402
  1.82896575
  1.01486096
  -1.43423819
  0.88171089
  -0.96083645
  0.59498633
  -0.38170183
  0.31019596
  0.69812155
  -0.72953577
  -0.45871649
  -1.40424486
  5.15224460
  -0.77524765
  0.04046416
  -0.31612934
  1.25680213
  -1.22166372
  -1.27725494
  0.90451441
  -0.81114837
  0.98321412
  1.31158339
  -0.49633983
  0.14921295
  -0.10036003
  0.68512526
  -0.12334545
  0.43974184
  -0.73178344
  -0.66900759
  -0.91980420
  -1.54011393
  0.88200045
  -0.25748906
  -1.27975880
  -0.58056619
  -1.82483448
  0.48514832
  0.11890417
  0.59551432
  -0.57129142
  -0.50097152
  -0.16154365
  1.49863295
  0.03939437
  0.44176372
  0.45100730
  0.15874551
  -0.52331569
  -0.93497823
  1.19662101
  0.60276181
  0.04024993
  -1.48806836
  -5.49774479
  -1.49796289
  -0.13571328
  -0.90917261
  0.71736598
  -0.85280942
  -0.54778439
  0.32238532
  0.08209628
  0.09987801
  0.97584928
  -1.66182792
  -1.23916795
  -0.44185327
  -1.25828491
  2.65321322
  0.14423922
  1.31654085
  0.26503769
  1.21813191
  -0.94746295
  -0.43163030
  1.97689406
  -0.84915125
  -0.02341847
  0.15436287
  -1.01652341
  0.07627380
  -2.16608174
  0.15667813
  -0.94091077
  0.01463607
  -0.84902304
  -1.18576537
  -0.47973733
  -2.42348666
  -0.71772716
  0.46856354
  -0.01226179
  3.52979129
  -1.28398087
  -0.93344626
  0.01872103
  1.14543578
  -1.84954143
  -1.55447891
  -3.68655790
  0.14235411
  0.22779730
  1.31615168
  1.81028279
  -1.09523168
  6.10557115
  0.73021561
  -1.47679223
  0.18313451
  0.69944377
  -1.32539248
  -1.70277834
  -0.77953040
  -0.91002664
  -0.07702003
  2.18462058
  -0.72407188
  0.57654717
  -1.94749446
  1.99088558
  -0.51661458
  0.73026790
  -0.19384032
  -1.69700545
  1.08270020
  0.15712057
  0.13123933
  -0.98534249
  2.02717477
  -0.09216735
  -0.37847022
  -0.18121530
  1.29731358
  0.69484472
  1.04687137
  -0.50876516
  5.86878935
  0.28037915
  -0.68181539
  0.71806983
  -3.19303496
  -0.12840498
  -0.09719764
  -0.17704342
  0.73100479
  -1.18603003
  -0.02928763
  0.06184946
  -0.99753088
  -1.11506030
  -0.12533632
  0.00113693
  -2.28928492
  1.01785950
  -0.66417003
  -2.87050667
  0.53100521
  -0.46239849
  -0.82893001
  1.02161491
  -0.55318133
  -0.61410715
  0.10317798
  0.24665745
  1.80988917
  0.86485627
  -0.24629129
  -0.23400202
  -0.61466845
  2.33271847
  1.06019759
  -0.22351549
  1.71654523
  -0.20700810
  0.49247680
  2.17823687
  -0.26106980
  0.95472342
  -1.25183275
  0.36282523
  0.07846739
  -0.76256389
  0.25211052
  0.86099290
  -0.27656556
  -1.50214642
  -0.49932091
  3.56585389
  -0.15357277
  -0.12382978
  1.07328323
  1.39204464
  1.35508094
  0.55796680
  -0.39292593
  -0.34471183
  -2.03459296
  0.58153748
  -0.37040570
  1.05058403
  -0.35315488
  0.38938851
  -2.08057132
  0.56819646
  -0.73640980
  -1.12611626
  0.70448992
  -1.02602089
  0.16385841
  1.11770765
  0.01520914
  1.11397631
  1.24435387
  -0.49082696
  1.64720561
  0.31417711
  -1.04453731
  1.75723888
  -2.45793756
  0.00246022
  -0.53061053
  -0.22743738
  -0.34782768
  -0.09153897
  -1.30426478
  -1.16898548
  3.64411226
  -1.40439335
  0.38734198
  -0.73286990
  0.61761979
  -0.86149409
  -1.20015899
  0.32513840
  -0.59538445
  0.03471766
  -1.30711081
  0.23025277
  1.66345007
  -1.41149223
  -0.83124968
  -1.05284422
  -2.02076801
  -0.06600934
  1.49572532
  0.21172622
  -1.25135008
  4.49475924
  0.72700280
  -0.23304670
  -1.22523940
  -0.65744062
  0.15643881
  -0.05885306
  -1.13058559
  0.96319812
  -0.79151987
  1.23430436
  0.44435933
  1.12455448
  -0.39484559
  0.38795342
  -1.75169040
  0.61519649
  -1.27318504
  1.00174203
  0.80925724
  -0.41086652
  0.34399399
  -1.29272796
  0.73265352
  2.00246440
  2.14343533
  -0.59333614
  0.68534168
  1.14138696
  1.26689513
  -1.27574267
  0.92819298
  -0.50634783
  1.07883236
  0.01632303
  0.08456544
  0.68252579
  1.61208391
  0.29599915
  0.45204366
  1.47875283
  0.85287918
  0.92242176
  1.32748197
  -1.23824293
  1.34085171
  0.30263395
  2.10223330
  1.38230992
  -0.89508600
  0.36793759
  1.12879858
  0.63299071
  -0.45434701
  -0.34438060
  -0.39858514
  0.60696723
  0.78807515
  -0.34365242
  0.58988684
  0.03406092
  0.98826760
  0.10972914
  0.46995654
  -0.38132698
  -1.66922260
  -0.83790224
  0.96361149
  0.12615115
  -0.61516432
  0.33421384
  -0.04202648
  0.19835416
  -0.92530644
  -1.38375544
  0.78670643
  -0.16697038
  -0.95980600
  3.20536111
  -0.19494987
  -1.14801599
  -0.63788018
  0.65597987
  0.54474503
  0.11727587
  -0.43131870
  -0.33785637
  -0.72857953
  -0.24542469
  -2.94920989
  -0.87548828
  0.23122035
  -0.14484800
  -1.88578713
  -1.38242452
  -1.05317916
  1.37598574
  -0.58947700
  -0.66658371
  -1.14925548
  -0.06575079
  0.39839010
  1.88224648
  -0.14572920
  -2.79227103
  3.48325800
  0.22426501
  0.16783707
  0.64448391
  1.65365862
  -0.06802909
  0.73665816
  -0.27739835
  2.20913421
  0.34429629
  0.35141862
  -0.39018177
  0.22035424
  0.87862883
  0.39241018
  -0.36635586
  1.61996826
  -0.69569963
  -1.34374265
  -0.07048257
  1.60922367
  0.23649095
  1.44770813
  1.54601386
  0.66886837
  0.71821002
  1.34772233
  1.59698119
  1.24422487
  -0.10121697
  -0.54130614
  -0.85440801
  -0.78907890
  -0.50786626
  0.88375900
  -0.77754895
  -0.71391615
  1.30328285
  -1.12247643
  0.23569290
  -1.15418359
  -0.55641881
  0.09488675
  -0.82525127
  -0.94509163
  -0.12367321
  -0.15328897
  -0.73890273
  -0.26939334
  3.12337387
  -0.04516777
  -2.20645820
  0.45170850
  0.79748305
  0.03923748
  -0.28440141
  -2.08479744
  0.44712931
  0.29412786
  0.05589433
  -0.17912668
  -0.51523479
  1.06296981
  0.25468288
  -0.62931044
  0.98454301
  0.95814584
  0.77369073
  1.61810783
  1.63133414
  -0.62824901
  -0.34298067
  -1.09809888
  0.95118199
  -0.42295681
  1.00376532
  -4.00800813
  2.44107694
  0.26276389
  0.12639614
  -0.36910568
  0.22258791
  -0.91084837
  -1.20318427
  -1.22407409
  1.25442932
  1.70234879
  0.59690208
  -0.28776950
  -1.82158148
  0.61446200
  0.05817991
  -0.10368894
  1.09414801
  0.32747307
  0.73409251
  -1.07893865
  -0.85047561
  0.49322818
  0.71976613
  0.71964453
  -3.48012725
  -1.54593313
  0.53098667
  -1.48934810
  1.77559157
  -2.26752983
  2.00160176
  -0.24617170
  1.64736852
  0.45231938
  1.42260373
  0.13325084
  2.83497596
  -1.01092079
  -1.33696605
  0.02287950
  1.28111435
  1.49717358
  -0.19769500
  -0.60317389
  0.65267007
  0.77453544
  0.07390000
  -0.06610573
  2.38951110
  -0.02575153
  0.71206695
  0.54584678
  -0.25250651
  -0.13726724
  -0.03602379
  -0.67228587
  -0.45067800
  -1.18998039
  0.35649590
  0.67477970
  1.13062299
  1.03428811
  0.02505361
  -0.74109355
  -0.75434655
  -0.22464752
  1.29793504
  0.84527192
  -1.69036485
  -1.41239776
  0.80605623
  0.79012658
  0.51565767
  2.12504060
  0.10125024
  -0.16889496
  -0.89861578
  -2.31145705
  0.27697800
  0.55831021
  0.45210560
  0.11985061
  1.91038252
  0.74744362
  0.40787362
  -0.38534839
  1.23711247
  -0.85155362
  -1.90676423
  -1.41817732
  1.23519813
  -0.40439907
  0.88957025
  -0.76376449
  -0.72515195
  -1.57910230
  -1.67271070
  0.06284670
  0.56635096
  -0.61562699
  -0.31756323
  0.48700356
  0.12059628
  -0.07046477
  1.35469665
  0.41700370
  -0.37424780
  -0.58418589
  -1.71218841
  1.26130362
  -0.82748722
  -0.09419849
  -1.58330327
  -0.80104655
  -0.02897388
  -3.17195164
  0.20187502
  -0.89770643
  -0.52570525
  2.38230271
  0.83749913
  1.54012160
  1.22520151
  0.31859180
  0.47745948
  0.68513334
  -1.69847941
  0.09399773
  1.56630270
  -0.99641174
  0.61726010
  0.50229595
  -0.41237763
  0.08091354
  0.41676013
  1.63310282
  0.80715797
  0.04116011
  -0.82018099
  -0.61375045
  1.54948948
  -1.06385895
  -0.48419595
  -0.20019498
  -0.51354340
  -0.36778481
  1.75831798
  0.32126121
  -0.93134491
  -1.63030968
  -0.22636141
  -0.21170777
  -0.16620455
  1.00512599
  -1.83793778
  -0.45614824
  1.68704264
  3.44415241
  0.96361905
  1.15943554
  -0.70319247
  -0.06189380
  -0.61133548
  -0.23277994
  -1.51370559
  0.41036641
  1.30572673
  -0.29895504
  1.79220464
  1.02949170
  -0.67664521
  0.20551862
  -0.37381656
  -0.77239656
  -0.14259295
  -0.14765579
  -0.91430640
  0.66714323
  -0.49495420
  -1.77170743
  2.14053426
  -0.22654331
  -2.74580136
  -1.10358924
  0.35115836
  2.21257507
  -0.68338118
  0.35114564
  1.15372714
  2.31635231
  0.82403862
  1.71342519
  1.93939060
  0.08364362
  2.04829611
  -0.32093458
  -0.84748213
  -0.07856413
  0.18661978
  0.21358906
  -0.31266784
  0.65195798
  -1.04510461
  -0.32671573
  -0.11276561
  -1.62161764
  0.61118761
  0.34929731
  2.26511679
  0.25013763
  1.29843962
  1.70280591
  1.07006408
  1.02493867
  -2.03514559
  -1.47610501
  0.36748515
  -0.87341097
  -0.20957980
  1.39151367
  -0.83041429
  -1.86179444
  -0.16628341
  2.14444704
  1.32296674
  -1.06406565
  -0.77765084
  -0.70851460
  -0.86031329
  -1.14710271
  1.33281880
  -0.96289243
  -0.27759165
  0.63424311
  -1.10709234
  -0.17279221
  -1.86373140
  0.46202595
  0.75830214
  -1.69483391
  0.12013540
  -0.36799752
  0.53219549
  1.58103879
  -1.20051120
  -0.12422386
  1.45960542
  -1.92173320
  0.60917204
  0.88599623
  0.45124740
  1.88182364
  -0.34735099
  -0.85771342
  0.46784700
  0.48011069
  -0.22770891
  1.24506895
  -0.57128753
  -1.05495045
  1.85316236
  -0.59188202
  -0.43284009
  0.94025843
  0.76298954
  -0.71603052
  1.17315075
  -0.91754431
  -0.94107818
  0.98050078
  -0.73559205
  -0.82819203
  1.20203693
  1.59149982
  -0.53308949
  0.80724561
  2.83382982
  -1.42297580
  2.10232750
  -1.06541007
  -0.22491823
  0.21427993
  -0.34969711
  -1.64945255
  0.86794913
  0.42043507
  -0.26365567
  -1.32954888
  0.12583613
  -0.03369000
  -0.14742610
  -2.68156783
  1.36494851
  -0.87559666
  -0.24885881
  -0.24791133
  -0.01926447
  -0.09553924
  0.05800811
  -4.17474054
  -0.88864912
  -0.92186384
  0.00522985
  0.22215105
  0.37609310
  0.80321216
  0.29931379
  0.18664434
  -1.82736785
  0.73195897
  0.04856292
  0.18120177
  -0.52704227
  0.39229502
  0.40592652
  1.35387814
  -0.66902313
  1.44632436
  0.21129453
  0.42198070
  0.76306844
  0.61142190
  3.00429104
  -4.67554456
  0.97164917
  -1.39425428
  0.38301530
  0.13272866
  -2.97517329
  0.25109494
  3.77153543
  -0.13753142
  0.45290310
  -0.67360459
  0.22823447
  1.42004021
  2.15170164
  -1.46015792
  0.12861357
  -1.62872184
  -0.60112710
  0.95174769
  -0.74529204
  1.20478060
  -1.49863075
  0.78925583
  -0.41934610
  -0.78109555
  0.49617252
