  2.41168042
  2.90206540
  2.76294488
  3.59305973
  2.76428749
  2.22324227
  2.85236942
  3.57816828
  3.78650821
  1.85966796
  2.50310047
  3.51778686
  2.99896081
  3.03264124
  1.64415839
  1.75309909
  3.10803104
  4.16898956
  2.68187499
  3.21535117
  1.77990063
  2.20684785
  2.34770869
  2.20132420
  2.32814706
  2.06312043
  3.39921348
  4.08835940
  1.75869843
  1.91456033
  1.62414106
  4.43017735
  3.70695557
  1.77478065
  1.42745738
  2.73602631
  2.87411887
  2.23833837
  2.16494203
  4.02482512
  4.31309382
  1.49242043
  3.91174006
  2.05455196
  2.03389828
  2.99301969
  4.76869143
  1.88899245
  2.58489550
  1.09534501
  4.15146501
  1.99181264
  2.06145253
  1.32917065
  1.87567812
  2.91760204
  3.59062925
  1.47207217
  2.39388222
  3.76496233
  1.67810721
  4.74601769
  2.32537295
  1.72486178
  3.54281853
  2.19743016
  2.74476841
  2.68412160
  3.45367376
  2.00195724
  2.37919337
  2.60468316
  1.79620552
  2.24560909
  3.38756627
  1.93554976
  1.36922749
  2.44641884
  1.55245649
  1.78295597
  3.41027607
  2.40627951
  1.62632246
  4.32177614
  2.73101768
  2.08160040
  2.13620755
  2.05284344
  1.86394866
  2.53046435
  4.21555371
  2.90251247
  2.23840926
  2.85615107
  3.30195047
  1.81864877
  3.38197320
  4.05403375
  1.82062642
  1.83956487
  2.31313868
  3.38386514
  4.00392348
  3.74761663
  2.59100259
  1.73322706
  2.17047050
  3.52599468
  1.71715883
  2.42601479
  1.70482863
  2.62396097
  2.89256384
  2.29448924
  2.62748571
  2.38309229
  1.99344123
  3.40388940
  1.73442245
  2.25698918
  1.66491784
  1.86322989
  1.83472020
  2.57298934
  3.51534224
  2.12173774
  3.18670350
  2.50578263
  2.89213033
  2.17767551
  2.61027129
  2.63482525
  2.35108088
  1.48001650
  1.92987735
  1.44257921
  1.47503140
  2.92986191
  1.21192953
  1.22932289
  1.80235032
  3.39455515
  4.09447407
  4.65202996
  2.76478777
  1.86991437
  3.43156463
  1.69057186
  3.68042138
  2.17830217
  1.40007107
  1.75673502
  3.22003219
  2.01041468
  2.94388348
  2.79110331
  2.33156133
  2.30424079
  1.57657330
  2.13882047
  1.38558524
  1.55133067
  2.46806150
  1.72465208
  4.34920261
  3.89923664
  2.15754572
  1.58002221
  1.78331071
  1.91912196
  4.30734265
  1.22907631
  1.52931494
  2.00728998
  2.42235145
  1.75756691
  2.99581473
  3.41497171
  1.57402058
  3.66561548
  1.09783075
  3.34221626
  2.85627085
  1.52360448
  2.68394420
  2.29432919
  2.08634646
  2.26382478
  3.13054336
  1.79591564
  2.94506113
  2.01323628
  3.07954312
  4.15255770
  4.09616030
  2.53256777
  2.06955432
  1.92335644
  2.09613913
  3.38686076
  3.15612008
  4.67851308
  2.13578856
  4.57784661
  3.18906388
  4.38889040
  2.58237336
  2.27196065
  2.25994313
  1.24383409
  1.29722620
  3.10117136
  3.62285242
  2.98403888
  2.47058368
  3.80434564
  1.60883229
  1.46630034
  2.36612754
  2.48369296
  1.78430871
  2.83421033
  4.36650199
  2.29642914
  1.82140960
  3.77676806
  3.98601530
  3.43416068
  2.99495959
  1.80054640
  1.43747603
  2.97498197
  3.35751775
  2.00233687
  2.25924275
  3.02521989
  4.01072023
  1.68141223
  4.43916896
  2.48109540
  1.77501011
  4.32713504
  4.54361367
  2.84215173
  4.54002354
  1.77895972
  4.05400046
  1.86798800
  3.74020842
  2.66524763
  2.60099492
  2.79118934
  3.02454518
  1.92666426
  1.57555273
  2.39007637
  2.49505392
  1.56093114
  2.16864305
  3.40252465
  2.48582820
  2.64068333
  2.11554548
  1.85948652
  2.19705880
  1.34596200
  3.03370436
  2.12408618
  3.15347000
  2.64565010
  3.24327123
  2.96185956
  1.69625307
  3.87764837
  2.36301245
  4.02191651
  2.61124042
  2.57420503
  2.30372351
  3.20576248
  3.68894973
  2.96438219
  3.00901270
  1.92462948
  1.19097523
  3.74143401
  2.53927284
  1.75070692
  2.81640095
  2.66035940
  2.02416240
  2.04891816
  2.16321713
  2.88656712
  2.89407262
  1.91294635
  1.82405462
  2.99413779
  2.63910258
  1.57485879
  1.41751937
  1.59614141
  1.68926433
  2.59900700
  2.68939058
  1.36491535
  2.36160178
  2.87465203
  2.94360436
  2.16346051
  1.62061891
  2.30458063
  3.68054908
  3.20391468
  1.88448098
  2.35707342
  3.65796410
  2.21454358
  3.68882713
  2.24630719
  1.80940390
  2.52433893
  1.98419326
  3.78415412
  3.45035606
  3.75041613
  3.96914866
  1.50846243
  3.62874482
  1.28930603
  2.51920820
  1.96883266
  2.69001518
  1.74280046
  2.03352187
  2.30995223
  2.04210873
  2.23965123
  3.17812733
  2.25921231
  1.37510601
  2.25050858
  3.34614837
  4.22009665
  1.89189337
  2.22269781
  2.48269714
  2.37438410
  4.00839423
  2.30452687
  3.45839863
  3.34807294
  1.58830594
  1.89612233
  3.31364318
  2.01120848
  2.32388854
  1.39467562
  1.41180062
  1.80006607
  2.06361218
  2.21789628
  2.61804836
  3.53280245
  3.47605183
  2.97676835
  2.25980902
  1.99965258
  1.86041220
  3.59209720
  2.04889389
  2.07012320
  2.31135325
  3.65715196
  1.89691311
  2.25851698
  4.63375988
  2.21128128
  3.20419167
  2.08504436
  2.26600927
  1.68926329
  1.91213504
  3.74562120
  3.80160658
  3.66289282
  1.93544028
  3.47729304
  2.04878345
  3.14949309
  2.31151103
  1.99182450
  3.60786655
  2.92447155
  3.54299954
  2.30955685
  1.83748216
  2.78530842
  2.08672906
  4.35661997
  3.48322405
  1.16083156
  1.64752982
  3.51954655
  1.37380401
  2.17500917
  2.85508437
  1.12235049
  4.00717589
  2.95133518
  2.31365463
  2.73933931
  4.16130751
  1.50734951
  4.70217155
  1.97473652
  1.74352400
  2.19781675
  3.13666268
  2.60091701
  3.05313416
  4.89087193
  2.99158924
  2.92090154
  2.02354329
  2.37896702
  1.96207398
  2.85622362
  1.85169483
  2.82709939
  1.65396264
  2.33719210
  3.12145249
  2.89806455
  3.24690648
  1.99839652
  3.97218055
  3.88528368
  3.51777590
  1.96118803
  1.93192333
  3.02010941
  2.87342669
  3.23341524
  2.61868205
  1.16395913
  2.55733922
  1.34898579
  4.39617020
  3.10939437
  1.74651378
  2.41162413
  3.14138652
  2.66505767
  2.50548290
  3.97089398
  2.72115475
  1.45858458
  3.72995589
  2.54381216
  2.14564037
  1.16209812
  2.67624555
  1.67537925
  4.42150389
  2.45225700
  2.21519605
  1.50011626
  2.66406456
  1.69867948
  3.72052947
  3.97187606
  4.29535797
  1.29928822
  4.63615692
  1.42183103
  3.74729651
  2.51987133
  1.69783806
  2.48952092
  1.90800092
  1.70892720
  1.67313912
  2.50089836
  3.09275723
  1.71066307
  4.18941182
  4.02582045
  2.30745458
  4.72213118
  2.26626090
  3.30564184
  3.04272996
  4.41974829
  1.99889724
  2.29427958
  2.52499080
  2.41237346
  1.38850552
  2.79837358
  2.02353701
  1.19031951
  2.90319558
  2.21868741
  1.75669427
  2.28997381
  2.81881834
  2.69490335
  3.37648030
  1.49343698
  1.97078433
  2.25440750
  1.93054304
  3.96163986
  2.65240645
  4.14594266
  1.86119731
  3.34442641
  2.39269376
  2.14381745
  1.30606400
  3.95041489
  1.54126397
  1.94058654
  4.26682514
  3.10556098
  3.41614701
  2.78008713
  1.98356311
  2.24668300
  2.32508743
  1.57070024
  1.87872025
  2.49095296
  2.82602609
  3.47059495
  2.22368987
  2.79071947
  3.09387907
  2.74631028
  2.76954016
  1.16016867
  2.00950797
  2.54483115
  1.62488725
  3.36204555
  2.53680032
  2.58963161
  2.34040696
  3.50508703
  1.91172069
  2.93309717
  2.34671839
  1.84880994
  2.22914992
  2.21066321
  3.49891842
  2.18537075
  2.61175413
  4.48974695
  2.34044848
  3.26785001
  3.33384706
  2.02280667
  2.61405835
  2.69117010
  2.61612231
  1.56336196
  2.65660943
  2.13863444
  3.08056633
  2.10326483
  2.98325914
  1.82273835
  1.16834741
  4.47168039
  1.53961140
  2.02629812
  2.00406788
  1.97118422
  1.45424528
  3.51273838
  2.66522692
  1.65723338
  3.16327759
  3.75943554
  2.40299164
  4.09286567
  2.95308918
  3.06081297
  1.59692044
  1.56237359
  1.68399793
  2.73845085
  3.86607783
  1.40533402
  1.57289980
  2.89777695
  1.60926589
  2.33267583
  1.97616752
  4.03207738
  2.79476056
  3.02788648
  1.62578180
  2.58991072
  2.76472192
  1.93520599
  3.95011009
  3.10578080
  2.86315989
  2.83649450
  2.79009106
  3.46488476
  4.30114881
  3.37923488
  2.31439897
  1.76073720
  1.62111289
  3.32793273
  1.65491604
  2.38906912
  2.21682817
  3.15182012
  2.76415505
  1.56313518
  3.19326525
  2.80501317
  2.58238813
  2.09391073
  3.25885419
  3.26449728
  1.55266115
  2.23461132
  3.01477999
  2.36733160
  2.74608161
  3.90934442
  1.74303632
  2.45207803
  2.19408008
  1.47147621
  2.01358179
  3.41537562
  1.79377474
  4.75628969
  3.38762052
  2.54360044
  3.49628284
  3.67058003
  2.90246582
  3.67468542
  1.50184238
  2.40875971
  3.49595053
  1.53346696
  2.25528226
  2.76274443
  4.21458635
  1.57561925
  2.24042561
  1.32326260
  3.66228424
  2.04618679
  3.97992428
  2.34857768
  3.03109217
  1.91715732
  3.93126669
  3.30471030
  4.88818798
  2.93172791
  3.47491289
  2.75393327
  1.76489015
  3.00293695
  2.09654779
  4.45409177
  2.15864152
  3.33571172
  2.76635985
  2.95037055
  1.58176673
  3.33018675
  2.80565355
  1.33646999
  2.38555733
  1.45123958
  2.42896198
  2.77464870
  1.88841196
  3.77785766
  3.45155261
  1.64108417
  3.22616576
  3.47544627
  2.34995899
  3.31580134
  2.49813805
  1.87705752
  3.27759625
  2.77788466
  3.76614814
  2.01554978
  2.63008669
  4.01236257
  2.67972907
  3.47229578
  3.01182121
  2.19618050
  1.90435883
  2.97794568
  3.32120177
  3.97593296
  1.33348466
  4.32223643
  2.95319160
  2.74739737
  3.49583833
  4.04577955
  3.10141173
  2.23219047
  4.61892062
  3.88902158
  2.25179032
  1.84794714
  1.75464956
  1.91040603
  1.35347152
  3.25696757
  3.97250098
  3.47009450
  3.52677978
  2.07857797
  2.29782848
  3.66210504
  2.19283109
  3.64570011
  2.55178188
  3.14812599
  3.09318199
  1.87417459
  2.34425739
  4.04565312
  1.92226730
  1.43141643
  2.87336842
  3.73383673
  1.99771419
  1.85025783
  1.24336100
  2.64275971
  1.99511000
  3.49857115
  1.37842398
  3.04374255
  1.52122098
  2.99712361
  1.61643400
  2.43489374
  1.77598311
  1.78589388
  4.51157104
  3.33147901
  3.38932617
  3.67021054
  3.58479701
  2.82677006
  3.59612672
  2.78884474
  2.47896344
  1.90212124
  3.49002493
  2.12118335
  2.47930377
  2.80267176
  3.08520337
  1.56085670
  3.12445243
  2.53750750
  2.34370583
  3.24805035
  3.40552786
  3.21071468
  1.34845242
  2.38854716
  1.20772137
  2.27636501
  1.51346141
  3.16898789
  3.91704364
  2.40953623
  2.45784341
  2.39920194
  2.64133645
  2.67239593
  4.39730475
  2.77930559
  2.14001233
  2.51008797
  2.31234010
  4.48959753
  2.63980881
  4.21599038
  2.85991155
  3.04821437
  2.96916414
  3.37982365
  1.38738973
  4.34214529
  2.70011563
  2.38950026
  1.64117781
  1.89989944
  1.64450857
  2.23931758
  2.18901038
  1.46286647
  2.67176125
  3.54699441
  1.70657677
  1.53970171
  1.86334233
  3.04231510
  2.22463134
  1.85874151
  3.03352007
  3.80233584
  2.51145711
  4.12417017
  2.40816459
  2.61324896
  3.17379834
  2.12781959
  1.88474718
  2.34554543
  3.13867189
  1.88561093
  3.31272789
  2.57130120
  1.89152408
  2.69168905
  3.05584371
  1.96451921
  4.33985519
  3.58300572
  3.11178100
  1.62316564
  2.97733025
  1.36770583
  2.92599938
  2.15264808
  3.43565061
  1.33498555
  2.91645743
  1.76200371
  1.82962139
  2.35220103
  1.66585433
  3.80011064
  3.84386883
  4.05015550
  1.96145413
  1.42284716
  1.72262004
  2.13967729
  3.14724679
  2.05661087
  3.59930431
  1.37690982
  3.59042743
  3.32668470
  2.87166592
  1.43347907
  2.14021213
  2.20188173
  2.05960584
  2.64921490
  2.25700512
  2.85660558
  3.13318426
  2.77670027
  2.06698561
  3.72780953
  1.46462736
  3.69148858
  1.89190555
  2.82737891
  2.08912240
  2.28104270
  1.66694685
  2.46591337
  2.15326301
  2.90063943
  1.60429752
  2.99913046
  1.93289299
  4.05752534
  1.92790379
  3.07340127
  1.63726289
  2.93125256
  1.49883390
  3.11682572
  2.27574922
  2.75056865
  3.88787381
  3.41388305
  1.27233619
  2.89420135
  3.38341070
  2.14081891
  1.60617481
  3.39326075
  2.53538886
  3.56364981
  1.67304045
  2.77962321
  1.70628779
  3.88851657
  2.32378049
  3.65486099
  1.81284539
  1.88016762
  4.20387338
  3.49581647
  4.35486407
  1.38099289
  1.92762159
  1.71696860
  2.45478573
  2.89593080
  2.29794830
  1.53432190
  2.03400181
  3.40585174
  2.75142193
  2.61856312
  1.45885625
  2.34808145
  3.58179613
  2.82458232
  2.35867212
  1.57414381
  3.56610126
  2.45796574
  2.49994494
  4.12449413
  1.98984241
  2.41907801
  2.95003371
  2.05093129
  2.53182976
  2.23808159
  1.32640150
  2.03503786
  2.41947469
  2.78076273
  2.52714121
  1.95765908
  1.89786566
  1.73109906
  2.34384415
  2.49358374
  2.60141395
  2.17911248
  2.20159491
  2.55003617
  3.13585685
  1.90053467
  2.17371096
  3.67172906
  3.20356938
  3.17471946
  1.37093494
  4.01664551
  1.97078279
  1.86165050
  2.05584718
  1.90881825
  1.73242546
  2.85206321
  2.71362415
  4.44027092
  2.52474708
  2.47036412
  2.38344193
  1.74311462
  1.79991092
  3.38463452
  3.74823389
  2.11676914
  4.42286991
  1.91739650
  3.56406663
  2.01700649
  2.88269228
  1.92323854
  2.37835299
  2.69289572
  2.58697356
  3.94913087
  2.81055610
  3.86820331
  2.34582331
  3.02165125
  2.32463754
  1.87611743
  2.07186158
  1.84584505
  3.50766242
  3.13470837
  2.88679608
  2.72132610
  2.30468044
  2.36216034
  2.13291208
  2.67069869
  3.54280450
  4.43842831
  1.45285524
  1.98219146
  2.52556008
  4.22473547
  2.26683269
  2.59256647
  3.74361372
  1.71165848
  3.10129794
  1.78086557
  1.28314090
  1.99363624
  2.45560511
  3.54917246
  1.96436258
  4.22013394
  4.05481441
  2.57957967
  3.02899895
  3.08337874
  1.83974124
  1.68150059
  2.78757507
  3.16896033
  3.94952026
  3.72047846
  3.06621729
  2.85529950
  1.82781881
  2.65471711
  4.01294341
  3.48209910
  2.40537854
  2.95942754
  2.94209225
  2.58289220
  1.71984435
  2.66724716
  2.70295203
  2.88427276
  3.41677505
  2.04475081
  3.61706906
  3.31782731
  4.26032450
  3.18236966
  1.43049523
  1.97938916
  1.35492519
  2.59670955
  1.40644691
  3.53125744
  4.29302029
  1.85882306
  2.95432875
  1.48968244
  2.24162832
  3.77958963
  2.63866333
  4.08476244
  3.48481267
  1.55681818
  4.36954226
  2.06016799
  3.75293851
  1.81915771
  2.74102416
  3.85561872
  3.60324087
  1.71845977
  2.15650151
  1.84579135
  3.34020818
  2.76695416
  2.74081224
  2.32197216
  2.37698695
  3.01202164
  1.59252310
  4.29561428
  2.83094110
  1.73139500
  2.65391603
  2.59968454
  3.82314787
  3.29182969
  2.43920896
  4.43008946
  2.73033752
  1.71737949
  1.92072576
  4.26145279
  2.35920658
  4.44913438
  3.23578238
  1.54753354
  1.57292886
  2.21485351
  2.02465644
  2.79387190
  1.70079623
  2.33080539
  2.42026215
  1.66840657
  2.89845346
  1.49391268
  1.99912296
  2.51896943
  4.79722123
  3.29475408
  2.54108410
  2.97247738
  2.21938590
  2.22409349
  1.42268794
  4.39382180
  2.19477081
  2.14664350
  3.83304588
  1.18916195
  3.30749244
  3.14373287
  1.10764115
  2.47272035
  1.41787651
  2.74686606
  1.56170675
  1.72235599
  3.01561930
  1.64842178
  4.64115100
  3.93659880
  1.64930194
  2.35230782
  2.90991644
  3.15084315
  1.92329556
  1.32527688
  2.24842340
  2.47490210
  4.25761210
  1.83520927
  3.81630378
  3.99704615
  3.22026582
  2.39073505
  2.22713006
  2.02241607
  3.27156117
  4.03544656
  4.10911690
  1.74676964
  4.00989296
  1.19541356
  2.72637913
  1.77761550
  1.34938759
  2.50634336
  1.27407293
  1.52839146
  1.45253050
  2.52206236
  1.51595161
  3.27391537
  2.45349413
  3.02214324
  3.36010301
  3.07860364
  2.21616475
  4.83574256
  2.89296550
  3.13167826
  4.61854604
  2.04941607
  2.68703092
  1.08203525
  1.65054036
  2.05099766
  2.06405309
  3.64084106
  2.22409238
  1.94041711
  2.73440082
  2.06212329
  1.72973989
  1.33961912
  1.94932727
  3.05867583
  2.45524259
  3.82846471
  1.73258453
  1.31433676
  1.68851514
  2.86186452
  2.59091546
  1.65636164
  3.94109902
  3.04346427
  1.55996157
  1.93745670
  4.23351677
  2.24153048
  3.15991546
  1.83621188
  2.31481284
  3.84036747
  2.03087291
  3.40511294
  1.46803810
  1.97707035
  3.24331496
  3.29588184
  2.96369629
  3.76378459
  3.28151951
  4.22150081
  3.83190058
  2.47818807
  3.75804814
  2.68415223
  4.42290069
  1.68381039
  3.15081256
  2.83562940
  1.42478086
  4.49542975
  4.61752826
  2.29071220
  2.72711540
  2.22556922
  2.28169471
  2.93417687
  1.90456477
  3.43199432
  2.59687372
  1.62479558
  2.28145757
  3.64810605
  2.26129505
  4.05187126
  3.92007158
  1.81915635
  3.48790765
  1.32287496
  2.05772457
  2.58992870
  3.48084696
  3.31394825
  1.97736984
  2.83676094
  2.26215774
  4.87714694
  1.83859818
  1.21863538
  2.96235929
  1.98810006
  1.13463227
  3.32168151
  1.69191575
  1.64735675
  2.76291009
  1.66451722
  2.44137050
  1.86894261
  4.52168793
  1.21475750
  2.02915511
  2.92228016
  1.06203115
  2.06552654
  3.05016215
  3.45349383
  1.32046452
  3.10829018
  2.38539051
  2.83729820
  1.62458898
  3.84189891
  1.94602449
  2.28188313
  1.91096140
  3.61582384
  3.09627186
  1.94738053
  2.25186973
  4.35781371
  2.61843651
  2.75189665
  2.59832076
  1.66194988
  2.42537814
  3.68812961
  2.76918975
  3.02929898
  1.69891647
  2.37904046
  1.26838270
  2.14781046
  2.31161584
  3.17933330
  1.92792199
  3.00883014
  3.53892714
  3.01085097
  2.51897366
  2.43372388
  2.78040222
  1.95738360
  2.07084449
  1.99588538
  3.67401743
  1.94629673
  3.78654627
  1.91611240
  3.84351765
  2.42505824
  2.41459332
  2.30484483
  1.65079522
  2.60780294
  3.45622815
  1.78477631
  1.54685124
  2.08511289
  4.32081628
  3.02711409
  3.79550590
  3.04781010
  3.10363681
  2.54935419
  2.66742202
  3.96123065
  2.05328754
  1.94470126
  3.02074387
  2.50861068
  3.05667120
  2.34114469
  1.92012854
  4.16357093
  2.51208891
  2.49297172
  2.57859373
  2.42152343
  2.29878482
  1.84327505
  1.34989601
  3.42177101
  1.86368354
  3.91656276
  1.93760228
  1.54754771
  2.70975586
  1.77120686
  1.89637055
  4.33023634
  3.13051498
  2.36996851
  1.72348146
  2.44736186
  1.40879226
  1.31446120
  2.43390287
  2.80067312
  3.19078602
  2.40689009
  4.23132872
  2.25539037
  4.41776293
  1.67050048
  2.23988912
  3.76368766
  2.15273662
  2.99137236
  2.13268558
  2.48235486
  1.32518770
  3.73016227
  3.23939670
  2.03640504
  3.39331034
  1.81643039
  2.80542687
  1.57775903
  1.35615121
  3.53479080
  2.44717580
  2.90397411
  2.70786605
  3.88273909
  1.59043970
  2.88457785
  2.35735884
  3.41405219
  2.42030604
  1.69024730
  1.54000234
  3.43271044
  3.11362775
  2.90121912
  1.80173421
  2.52386821
  2.61871926
  3.38163095
  1.73359272
  2.78437627
  3.27275176
  1.97369634
  2.69364602
  1.50075187
  3.92346305
  2.21521263
  1.21763924
  1.83213839
  3.21024540
  1.91446771
  2.80849693
  1.29820400
  1.44668730
  2.75615027
  1.91983437
  3.67177092
  2.79644363
  2.95652666
  2.44404408
  2.51947558
  2.02091559
  1.35813803
  3.16961976
  2.19189587
  4.42011212
  2.55688101
  2.96233268
  4.44968031
  1.98567398
  2.08429570
  2.62139036
  3.61498125
  4.63963088
  4.00693413
  2.99594356
  3.08510257
  2.90953947
  2.33288671
  2.19895490
  3.23000685
  2.32177650
  1.56242588
  3.32430484
  1.53948412
  2.97379463
  2.07118215
  2.77870546
  1.82543747
  2.18498801
  1.97343874
  2.15813718
  3.10385798
  3.83310978
  1.96626079
  3.29026050
  3.85664789
  1.36666941
  2.25474017
  1.31992738
  2.16085120
  3.71670936
  2.86828864
  1.74091705
  2.11002875
  3.82988805
  2.86303430
  2.11598286
  3.63999419
  2.64968551
  2.70054922
  1.70925972
  2.97424948
  2.41223952
  4.30533505
