  1.28941165
  2.83379795
  1.46566620
  2.76503804
  2.38064906
  2.78188674
  1.70169747
  4.31856232
  3.24650591
  2.00822370
  1.07040790
  1.36724717
  1.83843750
  2.98681369
  2.79100794
  6.45255227
  2.53702901
  0.39538120
  1.47324622
  4.25139435
  2.45787972
  2.04021630
  1.30808634
  2.16549680
  3.92698993
  2.13989914
  4.86601507
  1.04773697
  2.88840255
  3.44574991
  6.29661043
  3.46734092
  1.74588038
  1.18115420
  2.12446402
  0.96221700
  0.96008450
  2.29437243
  0.25077686
  4.22458814
  1.47492933
  6.34144086
  1.83553241
  1.85274397
  0.61898847
  1.88603881
  1.13403669
  2.59949660
  2.98278698
  3.34432430
  2.47231990
  2.48467723
  3.20635474
  2.97755461
  0.56788424
  0.51691312
  1.38555282
  1.16280828
  2.63521781
  0.88976624
  3.29884193
  0.59759726
  1.86888697
  1.33990214
  1.60587277
  1.09121967
  4.10528740
  5.11127458
  0.82565385
  9.94870858
  2.67325557
  2.61116004
  2.62721371
  2.78454768
  1.80984141
  4.88203455
  2.09937682
  1.35569150
  1.13172484
  1.23646978
  6.96760309
  3.33532857
  2.39614874
  4.21627015
  2.74252843
  2.48688092
  2.06797751
  3.24788716
  2.41194498
  4.30370699
  2.72681135
  3.43059651
  1.30380299
  1.08735379
  2.71970609
  2.08423491
  3.26324957
  1.72303946
  2.59506530
  2.53740434
  3.29398284
  4.71655006
  3.24059999
  1.30136301
  4.44738332
  1.28539933
  1.78865720
  3.45105524
  6.22167493
  0.96027134
  0.82372235
  1.90225981
  4.31465393
  2.27411772
  2.76528072
  0.92614224
  2.12312675
  1.47662795
  2.51768033
  1.87572114
  5.73025910
  1.96671546
  2.26100556
  2.31025477
  1.59174364
  1.21289129
  2.36944113
  0.50226443
  3.76269644
  2.56916503
  1.03237683
  2.96317513
  4.53222803
  1.76987309
  1.34037256
  1.66115319
  4.99661342
  3.92870096
  1.07437541
  1.95172487
  1.78529562
  2.37852389
  6.26857840
  3.18435730
  1.19969385
  1.85269284
  1.14820800
  2.43866789
  1.20503790
  3.57155819
  6.43979527
  0.49384070
  3.74401189
  1.22216843
  1.65298455
  0.69320037
  2.05270599
  0.77652746
  1.75313283
  1.72234742
  0.57937446
  4.03083973
  2.72744977
  2.63943102
  2.90938127
  2.26866436
  3.10475651
  0.95823392
  1.12259003
  1.54095031
  0.65360664
  3.07389355
  1.08376732
  1.10416537
  1.77249485
  2.24224045
  3.05858496
  2.09905756
  4.25092512
  4.33727252
  1.19390100
  2.76930993
  1.74282174
  2.13107955
  3.50322363
  1.75075012
  3.26209611
  0.98680604
  2.02600658
  1.89786921
  3.67496913
  4.03009187
  2.50661721
  2.95599534
  1.74364586
  2.17045647
  1.72274252
  1.60444429
  0.77904837
  4.76558522
  3.02382659
  3.39378609
  0.94383650
  3.59521064
  1.85866089
  1.01805558
  2.53397546
  2.14052017
  1.08104029
  1.31923871
  3.39209169
  1.52950700
  0.84153184
  0.97772791
  0.85555049
  0.64907230
  1.54202608
  2.13383760
  2.56416773
  2.22005546
  1.32757441
  2.05795171
  3.87945796
  3.92210559
  2.04414457
  0.60506168
  1.34374283
  3.67972605
  3.64060957
  1.56703809
  4.70589531
  3.31041197
  1.87222407
  4.30394998
  3.25639881
  2.73277580
  2.49109861
  2.30327828
  1.57584353
  0.50617488
  4.13014913
  0.48203081
  2.93625366
  2.50072994
  4.36730150
  2.24267092
  3.37814676
  0.96756557
  1.08703757
  0.46108297
  5.02512753
  1.52106684
  0.82025957
  1.22147309
  3.02621558
  1.04234883
  4.63865791
  3.68180199
  2.43847619
  1.55347084
  7.03036252
  2.66242128
  2.02341820
  1.52784036
  1.06999444
  3.96911983
  0.64132638
  2.56113863
  1.03027241
  1.37568761
  3.69130328
  0.72521388
  2.58476760
  1.04011790
  2.82088020
  1.10297232
  2.88835198
  1.29287797
  1.75326680
  3.86963328
  2.12899712
  2.06913632
  1.12546720
  3.61735234
  1.64331118
  1.83177663
  2.70590115
  10.60194944
  1.91715058
  2.30926788
  3.58282145
  3.36654865
  2.88468138
  3.95517005
  1.73879465
  5.84918762
  0.60545638
  2.73216670
  0.81386105
  0.62507831
  4.67701397
  1.64223413
  0.44063804
  2.37954479
  1.97739311
  1.37413286
  2.55910079
  2.19594333
  3.32506437
  2.41553126
  0.56502734
  1.78774697
  3.46472768
  1.46550857
  1.76752507
  2.12365991
  0.83828237
  1.34534129
  3.35860774
  0.56405232
  4.39568107
  2.67058909
  5.81462930
  1.42190212
  2.62970011
  2.91008523
  0.41669247
  2.91562322
  1.01258756
  2.48309009
  4.45692651
  2.03510970
  1.73267062
  2.39898947
  2.16419179
  2.09618311
  1.53126735
  1.19852972
  4.78370886
  2.34950904
  1.50058051
  2.43531714
  3.62099015
  4.09006168
  1.11474334
  4.18698280
  2.84018061
  2.46752633
  2.26617818
  2.68924148
  1.47349971
  2.09960927
  3.58974459
  2.60757841
  1.60008723
  1.20507328
  2.97990369
  8.19083901
  1.31904440
  2.90252666
  1.55953919
  2.28003788
  2.94510252
  2.82691445
  2.06813237
  2.30588684
  1.95606449
  3.28659892
  3.33407474
  1.83819085
  2.51772351
  3.98621333
  5.15545305
  3.02019091
  3.10645225
  0.08772403
  2.99857385
  1.11232050
  1.04688985
  0.48164053
  3.81923831
  2.15602267
  2.67342825
  1.62643576
  1.60142069
  2.58139535
  1.86527424
  1.17211082
  3.18675574
  1.30870274
  2.07304984
  2.04517620
  0.30242688
  0.40134734
  1.67083073
  1.67631042
  1.06598652
  1.12590774
  1.89342111
  0.81927275
  4.33258814
  3.74096503
  1.69517703
  2.34870623
  7.77716224
  1.18948366
  2.98567816
  0.88388005
  4.41979983
  2.77854549
  5.55085882
  1.35743874
  2.90271561
  3.01242213
  3.83730368
  0.98054215
  1.78979925
  0.79533415
  2.47304674
  1.39066258
  0.70425670
  2.24352098
  2.29307460
  3.08223801
  3.43003811
  1.67437342
  3.04460774
  2.91135814
  0.74644666
  4.76165201
  2.69232401
  5.05054322
  1.30365928
  1.96541946
  2.91543318
  2.20432576
  3.50016951
  1.27789668
  0.79159453
  1.14397200
  1.41669652
  3.72503038
  4.71188349
  0.88231554
  1.05033604
  0.49583408
  1.16909352
  1.10138038
  4.83975623
  1.47516160
  0.93661907
  1.45136436
  1.00981803
  2.27061364
  0.56251695
  1.80583319
  2.75340250
  2.88009722
  0.65561238
  5.00864612
  3.24586025
  3.03305489
  2.27939605
  2.45241800
  4.04665892
  1.29700208
  4.09279264
  2.62676421
  1.15178403
  0.47612752
  1.62360404
  3.91282650
  1.51376531
  3.85261422
  0.77255039
  1.96231506
  1.34952931
  1.80518401
  1.11731004
  2.31815648
  4.01189117
  0.94433132
  1.51557438
  0.85222968
  2.43016399
  3.42944340
  1.97327928
  6.93702533
  3.05163869
  2.69155808
  0.82283700
  3.73220003
  1.04854634
  3.33880296
  2.62988470
  1.91917907
  2.19891584
  2.09110174
  2.40443752
  1.01010600
  3.56170073
  3.25304267
  1.49827318
  2.76236374
  3.07592775
  1.94865722
  1.27010139
  1.02962910
  0.85375809
  2.96649439
  2.29314878
  3.89161926
  0.89621626
  2.60590162
  2.77022054
  2.19565839
  2.88445700
  4.99332897
  1.70600572
  1.79347741
  4.43186189
  1.91724237
  2.49064140
  1.47163479
  0.62807772
  2.30767301
  1.39102223
  1.23004964
  0.55745791
  1.37641493
  2.01965969
  2.19173708
  2.07298293
  2.32288923
  0.19535841
  3.77693031
  2.27045154
  3.37425820
  3.64227052
  3.64966914
  2.90496518
  2.07309943
  2.45438572
  3.29312702
  2.66034319
  3.01626854
  1.48882145
  1.28571232
  1.48781515
  6.46805750
  3.04588154
  1.10001366
  2.15445036
  4.10427009
  3.15298938
  5.16915753
  4.23996668
  3.08597844
  0.91858927
  0.91739509
  0.69481242
  3.57319955
  3.42276952
  0.72086844
  2.13398334
  1.46425066
  1.25260639
  7.58547797
  1.47844772
  2.77569904
  1.93589747
  -0.17530053
  0.40226326
  4.78363660
  3.10835039
  2.27669047
  0.61812607
  1.89651861
  5.28613312
  0.89840531
  2.29962146
  2.68947650
  1.40880042
  2.01392803
  3.05063171
  2.42346770
  2.66280449
  2.96971073
  0.18884713
  7.99919048
  0.28808969
  2.15902822
  1.53404169
  1.84857241
  4.55084721
  1.85720187
  2.10125536
  3.79294032
  1.76306450
  3.44943143
  2.45254993
  1.90128651
  5.97501424
  1.44146814
  3.51117548
  5.98987039
  0.81320012
  3.43671720
  1.91931919
  2.68395691
  1.89262521
  2.60422738
  3.68942920
  2.62521589
  2.33906612
  2.17524138
  3.00716733
  3.12438353
  1.61835731
  1.60601452
  2.34491842
  1.48040588
  7.66219951
  1.99231323
  1.44798229
  1.29264989
  2.78781170
  3.51010735
  3.26274182
  4.12324795
  2.40590825
  3.00730040
  0.76440611
  2.19327212
  0.95350494
  4.45682908
  5.63351372
  2.16986648
  2.52742540
  5.01301155
  3.26616729
  2.74827971
  2.37002656
  1.14644633
  1.37464445
  2.47173227
  1.32949930
  1.17563517
  5.05694722
  0.96086300
  3.54038633
  2.29417416
  4.40302094
  1.17882428
  3.41485624
  3.24610830
  1.63810075
  0.61196778
  0.99782850
  1.87986533
  1.29584156
  1.79848139
  1.06739816
  2.29221066
  2.15343120
  2.23978830
  2.28408233
  1.64009766
  1.16999772
  0.46708267
  2.61410076
  1.51543747
  1.98508824
  1.89446939
  1.29921106
  3.49434489
  2.46673365
  1.26686741
  1.38922627
  5.05242925
  1.03298702
  1.10545775
  2.94213880
  3.09432839
  4.68470215
  4.81571233
  3.00057772
  5.30872157
  1.38979770
  0.55310141
  7.74914942
  1.14854913
  1.38507996
  1.88203341
  2.35265536
  3.60556022
  1.35775414
  0.82463070
  5.44000503
  2.02815074
  2.57314049
  3.40201720
  3.88919446
  1.30729264
  3.35824685
  0.79562678
  2.55050024
  3.50090739
  3.00907009
  1.54339181
  0.57371690
  2.40677424
  0.70595248
  2.20274300
  3.62576619
  1.82660348
  4.41987107
  2.37617953
  3.62928451
  0.44193164
  3.74640336
  1.52024756
  0.99107668
  4.95517292
  1.65362687
  1.86336262
  3.46121718
  1.66483755
  2.95147614
  2.28465641
  1.79001310
  1.34028950
  2.01285896
  3.99369511
  3.02903739
  1.90367880
  2.78140827
  2.27541736
  1.64136675
  2.19002683
  2.90959428
  0.63281075
  0.97102127
  1.70529811
  1.45283452
  1.73815299
  3.39135589
  1.14893002
  1.09032684
  4.09994779
  4.31541196
  2.48937017
  5.13413668
  2.66261897
  3.01986870
  4.11659316
  3.65793175
  3.64413146
  4.33911156
  3.12182759
  2.84863960
  1.47887415
  1.66731577
  1.98270610
  3.42386390
  5.65958684
  3.87922982
  1.18123023
  2.54915162
  1.66473013
  3.24597051
  0.80478702
  0.55468508
  1.31041588
  2.63222249
  3.68887934
  2.23646022
  6.05512958
  0.87888614
  3.99308348
  3.77910817
  2.62330104
  3.02221786
  3.89118322
  1.84857965
  3.63288475
  6.85899998
  4.14856555
  5.34600019
  2.13957172
  2.53571438
  0.43282632
  2.87932896
  2.46302107
  3.33735350
  1.78534894
  2.59485338
  2.87866693
  2.15124941
  2.38954544
  2.71777587
  4.29905453
  3.82296564
  2.17280857
  2.12347570
  1.67271723
  1.06200519
  1.85324335
  1.16321647
  1.27553270
  1.97702023
  2.63095379
  2.82456632
  0.93515397
  1.99899219
  2.34814903
  2.84031550
  1.47465829
  1.42764761
  1.23555867
  0.55660156
  1.96656425
  3.26030624
  0.82603246
  2.25370746
  2.68374965
  1.86323066
  4.28934727
  4.41347951
  3.17855739
  1.29385152
  0.47268406
  2.22782165
  2.23664386
  3.23160404
  5.08854024
  4.04011532
  2.62672651
  2.06665372
  1.13760028
  3.11555575
  1.38218859
  1.68469527
  4.46096005
  1.95000200
  0.99603328
  1.39664232
  4.17845776
  2.26671764
  4.38047286
  1.68834620
  2.61266192
  1.82590932
  3.33201919
  1.33019005
  2.04670698
  3.86960013
  2.24966068
  2.06392358
  3.23662283
  0.96260171
  2.61641270
  1.21877319
  1.31527414
  2.46818301
  1.69696782
  1.59992742
  1.56616885
  5.69135062
  1.56905645
  1.67428268
  8.70748400
  1.15804695
  2.63124191
  5.97029628
  1.43594576
  2.50432453
  2.81233275
  1.16642567
  3.61128794
  4.95677223
  3.70544765
  2.40783408
  3.17345945
  6.48331261
  1.91403621
  1.49490064
  5.52748261
  12.25844326
  1.49771858
  1.66922728
  2.26712976
  1.34246977
  4.16087962
  1.80385348
  2.84105677
  3.31771807
  3.55428770
  1.69092132
  5.30899705
  1.07262527
  2.31184007
  2.51479521
  2.37442395
  2.60803917
  2.56142669
  0.95599044
  0.88041074
  2.10102257
  1.23724484
  1.49265782
  3.06865963
  2.08817055
  3.56683105
  3.18186914
  3.14267978
  3.38613438
  1.04311123
  2.77592843
  1.97581362
  3.72512060
  1.88655256
  1.22978685
  2.48824143
  0.90628844
  1.83173336
  2.64696947
  3.63014202
  4.10244832
  0.50347562
  2.36469495
  1.74240612
  2.85167208
  1.35220560
  2.32231163
  1.94080299
  3.66569672
  0.72086353
  3.29652885
  4.12090262
  1.72391320
  0.67561489
  1.53363380
  1.18819405
  3.34528213
  4.76413263
  3.33472476
  3.68447473
  1.18166012
  2.07650048
  3.46101580
  3.00416479
  1.37569868
  2.04903500
  5.72977496
  1.66315602
  1.01126167
  4.60305290
  1.91555270
  3.08195806
  2.03754741
  2.60839592
  3.45635347
  3.16826802
  0.68577947
  1.93523604
  3.64394037
  2.88523490
  1.45898643
  1.87399837
  9.85900790
  1.15030073
  1.49688231
  1.88459196
  1.90532182
  1.89522258
  1.52706161
  1.63232383
  1.62570558
  4.18059012
  1.12489312
  2.37604377
  1.23533691
  5.38773104
  1.95385785
  1.47199226
  2.65211273
  3.55372193
  3.32124706
  3.78278566
  2.04023417
  3.37666884
  3.05165659
  1.68797440
  1.81601388
  0.72031751
  4.76098048
  1.34371700
  0.26438472
  1.98925760
  2.01376273
  2.22432267
  1.27097646
  1.21372923
  2.52932755
  2.45706532
  2.66148067
  1.83056989
  3.73558851
  0.70866993
  0.90335973
  2.53585767
  2.43238466
  2.73416819
  1.43182149
  4.72573081
  6.81541769
  0.46340275
  2.65869818
  3.83560488
  2.61238169
  0.91130492
  1.39207631
  1.04666237
  0.88087948
  0.82523634
  1.91288422
  1.40121689
  2.95312449
  1.63158851
  2.46265576
  3.98481358
  1.13076985
  1.35285426
  1.35373016
  1.43637429
  3.57117156
  1.60954061
  1.50767364
  1.74223481
  2.71803474
  5.41755213
  3.07076171
  0.68969275
  6.11093478
  1.06998566
  2.53684503
  1.33843926
  1.25515835
  3.22435114
  2.47566992
  2.27522941
  3.62418240
  1.71155694
  3.19150548
  2.74954835
  2.94638203
  3.30805918
  1.02302409
  1.05432608
  1.37890381
  1.32846332
  1.00236030
  0.80828682
  2.80211975
  1.45950989
  1.84515699
  0.24729711
  2.46891929
  3.73032720
  1.54083920
  1.62480743
  2.38926993
  2.43135120
  0.56483973
  5.34178965
  1.04455506
  5.98798198
  0.17621204
  3.14840381
  5.23613384
  2.31735788
  1.51895534
  2.46618335
  2.31090077
  2.08814989
  3.29073457
  2.36218911
  2.50099562
  0.48846734
  2.35316513
  1.39864090
  3.30559050
  2.40014630
  4.20525962
  2.65323676
  3.82526192
  1.67223635
  1.80184883
  1.20704840
  1.73023417
  4.56121951
  1.47511483
  1.35179821
  1.30168741
  0.44587845
  2.76895436
  1.17746154
  3.15060286
  2.33084725
  1.44350731
  3.89602191
  1.59646486
  1.28649209
  2.85207086
  0.59959817
  2.07505256
  5.76476903
  3.35571994
  1.54885326
  3.73883964
  2.53048225
  1.10191168
  3.27512713
  2.53233394
  2.19210276
  6.12970761
  2.24634206
  2.15534982
  3.16431570
  2.71861839
  2.26462742
  1.74978685
  0.94783958
  2.32832834
  1.16202870
  3.44159021
  5.94402626
  1.23138259
  1.50746976
  1.80774334
  2.10970557
  3.01704196
  0.17185209
  1.21846281
  3.24682631
  2.19997312
  4.07183382
  0.89749519
  4.65119813
  2.02450237
  2.97514314
  2.34172861
  1.77348965
  2.52341211
  3.77864468
  1.43386103
  1.44246060
  1.00600544
  3.15380733
  0.90581802
  1.66508297
  3.45247125
  3.36018168
  2.90902076
  1.50291043
  2.21201300
  2.06376081
  0.69167047
  2.68170194
  4.01218057
  1.31731503
  0.68110578
  1.07733157
  0.66533186
  1.07304219
  3.56249469
  1.62155528
  1.75816525
  2.55088230
  4.88037927
  1.55559598
  5.19996517
  1.96575661
  0.48154706
  3.69671745
  4.51934589
  1.12983348
  1.37149187
  1.40720100
  1.73947842
  2.13405271
  4.05272698
  1.18688960
  0.43828761
  3.87444088
  3.41364623
  1.09923184
  3.29495458
  2.65024837
  2.61590741
  1.04503531
  1.33219942
  2.06750246
  2.12489204
  1.45064340
  1.78080927
  1.70066927
  1.45029886
  1.62713684
  1.46632782
  1.98763094
  1.78128398
  0.98896676
  3.25359294
  2.09803853
  4.62166424
  4.00499717
  1.00126316
  2.64365654
  3.96801626
  6.21641859
  2.14640311
  1.86311567
  1.32987289
  3.22516641
  2.06393794
  1.76699582
  3.70300491
  3.67017676
  1.67678656
  2.91948130
  1.35686296
  2.45660865
  3.38373461
  3.02226084
  4.64639814
  3.13878493
  1.70093733
  3.23913765
  1.90213390
  3.48058541
  1.61075074
  1.51918880
  2.38908509
  2.73673129
  1.08712425
  1.12930747
  1.43168364
  1.35731635
  5.58166248
  1.19667923
  1.03272795
  1.23416462
  1.21138811
  2.01098169
  5.01889764
  6.24128718
  1.97301874
  1.09654820
  1.90867986
  2.88909097
  0.96272064
  1.58545970
  2.61154456
  3.68681351
  2.31630902
  0.28718427
  0.84706683
  2.37286690
  1.31263035
  3.81960051
  1.92361649
  3.29530523
  1.57134702
  2.88228176
  1.33221226
  1.02627789
  3.25784361
  1.73013506
  0.56268471
  1.05988676
  2.33558815
  2.44113494
  1.47798700
  4.04427668
  1.97344807
  2.00034619
  1.32230142
  2.50360795
  1.47740628
  4.82885821
  0.97652141
  3.45194489
  1.19970201
  1.60770314
  2.33154333
  3.14929570
  1.89722809
  3.12540180
  3.15476657
  2.07214054
  3.66330087
  1.29625523
  3.24730230
  3.10265046
  2.32530246
  1.94525015
  3.55846188
  1.62330741
  3.99960362
  2.49145629
  1.26767736
  1.04742309
  1.63574838
  0.85791907
  2.31190718
  0.95332913
  3.25632302
  1.88663652
  1.90633073
  3.50270031
  0.19649363
  2.61986636
  3.48321678
  2.21774063
  1.17864606
  2.80113240
  3.76111835
  3.32088571
  3.81576998
  1.38563909
  0.34481986
  1.70194167
  2.72437616
  2.03843321
  1.77473026
  3.64635361
  0.79381769
  1.94897281
  1.83753923
  7.43909574
  2.20926517
  4.38508058
  1.44902400
  4.20148114
  2.08241369
  1.04733830
  4.55708654
  4.75818748
  1.87170780
  3.17978116
  1.73366583
  5.58624530
  2.61728622
  1.33531117
  1.91911750
  1.40325700
  2.31669634
  2.59402096
  1.76708097
  2.29955596
  0.77947282
  2.45982800
  1.50614227
  2.73081180
  1.99072127
  3.48950123
  2.10176143
  2.01485345
  3.36032653
  2.70433016
  2.69928913
  1.55440780
  2.50396112
  3.52132144
  2.48496930
  4.53115340
  2.86892833
  3.55991492
  5.48505945
  1.24152183
  1.99050469
  0.42069745
  9.72279038
  5.09008225
  1.24783513
  2.17675830
  4.75480762
  2.92483691
  1.67967959
  2.89022890
  2.06367509
  1.74534737
  1.89104328
  3.00014939
  2.31826713
  1.16619913
  2.00449776
  2.75406871
  0.75893886
  1.91094014
  1.21071165
  2.92399228
  1.91875077
  1.29243425
  2.45825049
  1.85282341
  1.30990084
  3.87242956
  2.08488032
  1.76416094
  1.87566609
  2.27125698
  4.12946175
  1.60717704
  3.24199445
  1.78648192
  3.27151070
  0.87765494
  1.66902004
  2.82952937
  3.79332603
  2.49678147
  4.02771472
  1.50365100
  2.31504009
  1.27559896
  2.24442422
  2.38803605
  0.49259169
  2.94975026
  2.66725978
  3.38747289
  3.24229467
  2.29252916
  2.73524045
  2.64249758
  2.60298769
  0.61876905
  4.09229252
  -0.02851344
  1.33359841
  3.00271295
  1.10088438
  2.12710445
  2.56472307
  2.14520242
  5.12997637
  3.55671590
  1.71659294
  1.35549386
  1.10467638
  0.90733488
  3.91830486
  1.77118508
  4.26829662
  2.94901963
  2.76153070
  4.43377302
  0.71409251
  2.55592609
  1.01790006
  1.01286127
  1.78847375
  1.03071859
  2.84838869
  1.32166531
  1.81918586
  2.45949364
  1.68488217
  2.34755549
  3.56763035
  3.86985971
  2.96745840
  0.90558451
  2.41620927
  0.49174255
  0.60918151
  0.55246054
  1.60817843
  3.08279350
  2.80750933
  1.79997049
  3.52419711
  0.01033014
  3.42307318
  -0.21697448
  1.67474338
  3.70236697
  3.10837080
  1.88533457
  4.02467383
  3.49492763
  2.38294785
  1.50843609
  1.36856624
  1.48057576
  1.75487375
  2.15441275
