  14.41716812
  16.33222536
  15.82965367
  18.35043256
  15.83465797
  13.57468044
  16.15640241
  18.31532880
  18.77286472
  11.84757251
  14.80457728
  18.16920351
  16.66320179
  16.77458293
  11.03735007
  11.41789559
  17.01704453
  19.42451803
  15.52191370
  17.34585713
  11.52061249
  13.49858424
  14.13779235
  13.47284479
  14.05100153
  12.81228202
  17.86456876
  19.30742618
  11.43905826
  12.09105148
  10.97388015
  19.72941845
  18.60669676
  11.50071263
  10.45679953
  15.72868595
  16.23385787
  13.64435421
  13.30203859
  19.20752829
  19.60679991
  10.60619470
  19.01307526
  12.77027987
  12.66853383
  16.64335835
  19.95541362
  11.97576895
  15.13939188
  10.02272668
  19.39999031
  12.45923076
  12.80411562
  10.27088330
  11.91703041
  16.38634895
  18.34472841
  10.55713033
  14.34012509
  18.72890162
  11.14957348
  19.94624415
  14.03864177
  11.31356151
  18.23051848
  13.45466856
  15.76160871
  15.53058937
  18.00739597
  12.50978300
  14.27614386
  15.21871438
  11.58485807
  13.67777561
  17.83338121
  12.18813338
  10.34082235
  14.56601938
  10.76302045
  11.53255013
  17.89398152
  14.39384502
  10.98069955
  19.61667700
  15.70976603
  12.90245313
  13.16557733
  12.76189019
  11.86601820
  14.91782808
  19.48720335
  16.33378839
  13.64468051
  16.16992647
  17.59718981
  11.67546452
  17.81832440
  19.25428988
  11.68356930
  11.76217292
  13.98398021
  17.82342342
  19.17319298
  18.69294657
  15.16394290
  11.34405479
  13.32813567
  18.18942360
  11.28579196
  14.47883344
  11.24195851
  15.29536545
  16.29892737
  13.90017625
  15.30931328
  14.29316170
  12.46731370
  17.87702580
  11.34844082
  13.72990972
  11.10528932
  11.86291461
  11.74189452
  15.09134937
  18.16315945
  13.09633864
  17.25996317
  14.81573308
  16.29740456
  13.36207038
  15.24099723
  15.33829035
  14.15268960
  10.57603960
  12.16167970
  10.48969089
  10.56413707
  16.42877357
  10.11228532
  10.13147247
  11.60941509
  17.85212237
  19.31668567
  19.89909737
  15.83652189
  11.89187752
  17.95000873
  11.19222372
  18.54892688
  13.36501778
  10.40014215
  11.43161973
  17.35976217
  12.55198299
  16.47698738
  15.93397951
  14.06619587
  13.94406859
  10.83109192
  13.17804306
  10.37168995
  10.75991376
  14.65773955
  11.31280159
  19.64705230
  18.99026669
  13.26704471
  10.84106441
  11.53393918
  12.11196296
  19.60018816
  10.13118989
  10.70043577
  12.53640562
  14.46310664
  11.43476905
  16.65270118
  17.90640442
  10.82374905
  18.51618164
  10.02392714
  17.70979423
  16.17035446
  10.68540414
  15.52990461
  13.89945455
  12.92551921
  13.76112096
  17.08760990
  11.58370425
  16.48102187
  12.56603542
  16.92653782
  19.40153462
  19.31922817
  14.92648183
  12.84374009
  12.13146777
  12.97299339
  17.83148483
  17.16675571
  19.91387180
  13.16357738
  19.85148876
  17.26709198
  19.68878755
  15.12923454
  13.79816775
  13.74340696
  10.14863766
  10.22085853
  16.99537483
  18.41955378
  16.61325065
  14.66837756
  18.80867554
  10.92669190
  10.54359002
  14.21892989
  14.72349906
  11.53785037
  16.09112924
  19.66556690
  13.90892049
  11.68678432
  18.75308636
  19.14319586
  17.95678935
  16.64984411
  11.60218635
  10.47846320
  16.58275165
  17.75187672
  12.51167979
  13.74020807
  16.75020292
  19.18443795
  11.16080655
  19.73789046
  14.71259968
  11.50160168
  19.62271063
  19.82642626
  16.11974237
  19.82368471
  11.51694560
  19.25423739
  11.88350794
  18.67743765
  15.45744280
  15.20397887
  15.93429622
  16.74798186
  12.14676662
  10.82815237
  14.32358221
  14.77103761
  10.78660937
  13.31951486
  17.87339374
  14.73245013
  15.36135402
  13.06660176
  11.84679269
  13.45293385
  10.29922426
  16.77806789
  13.10759975
  17.15860579
  15.38086379
  17.42825337
  16.53831963
  11.21192085
  18.95027236
  14.20524724
  19.20279391
  15.24485638
  15.09626565
  13.94174426
  17.31725976
  18.56762265
  16.54688346
  16.69664130
  12.13734917
  10.09117885
  18.68000971
  14.95401819
  11.40890220
  16.02657932
  15.43840155
  12.62032550
  12.74259667
  13.29388577
  16.27783457
  16.30422490
  12.08367759
  11.69766506
  16.64709734
  15.35513615
  10.82615656
  10.43580605
  10.88846146
  11.18771328
  15.19602717
  15.55090342
  10.33290803
  14.19904569
  16.23574667
  16.47603082
  13.29503643
  10.96291957
  13.94559534
  18.54920773
  17.31173126
  11.95576651
  14.17911591
  18.49911636
  13.53436046
  18.56735475
  13.68097994
  11.63783667
  14.89258523
  12.42159094
  18.76809901
  17.99883639
  18.69878347
  19.11445459
  10.64633511
  18.43304935
  10.20924495
  14.87139337
  12.34659181
  15.55330844
  11.37938131
  12.66667294
  13.96970248
  12.70906601
  13.65039557
  17.23398331
  13.74006902
  10.35176130
  13.70024743
  17.72064567
  19.49312564
  11.98868448
  13.57216044
  14.71932192
  14.25511764
  19.18059832
  13.94535384
  18.01955435
  17.72594749
  10.86525969
  12.00758807
  17.63016723
  12.55593772
  14.03202288
  10.38942212
  10.42394938
  11.60026430
  12.81468880
  13.54991574
  15.27192200
  18.20610945
  18.06465164
  16.58877809
  13.74279449
  12.49826322
  11.85077289
  18.34817476
  12.74247726
  12.84651830
  13.97598220
  18.49729929
  12.01113281
  13.73689236
  19.88822348
  13.51920657
  17.31256037
  12.91919470
  13.77107891
  11.18770972
  12.07997582
  18.68877819
  18.80321101
  18.51012033
  12.18762132
  18.06780293
  12.74193409
  17.14635349
  13.97668921
  12.45928961
  18.38497037
  16.41015137
  18.23095806
  13.96792969
  11.75344091
  15.91261769
  12.92737702
  19.65505178
  18.08282560
  10.06466697
  11.04823716
  18.17354798
  10.34932360
  13.34952234
  16.16611412
  10.03742410
  19.17858357
  16.50247703
  13.98629044
  15.74117771
  19.41382909
  10.64350882
  19.92608184
  12.37527819
  11.38206985
  13.45647419
  17.10664504
  15.20366734
  16.84142783
  19.99007589
  16.63857187
  16.39779134
  12.61725453
  14.27515508
  12.31396586
  16.17018569
  11.81346019
  16.06541911
  11.06916784
  14.09121172
  17.05921605
  16.31822279
  17.43888591
  12.49198902
  19.11965597
  18.96450628
  18.16917642
  12.30970609
  12.17120272
  16.73336106
  16.23140495
  17.39931523
  15.27443734
  10.06720649
  15.02784025
  10.30447770
  19.69615797
  17.02134197
  11.39320706
  14.41692531
  17.12129662
  15.45670359
  14.81448705
  19.11745067
  15.67238693
  10.52574955
  18.65582330
  14.97261776
  13.21052591
  10.06568950
  15.50013770
  11.14034282
  19.72111854
  14.59083800
  13.53738914
  10.62529068
  15.45283803
  11.22038254
  18.63579596
  19.11913430
  19.58623301
  10.22393359
  19.88968185
  10.44485354
  18.69227830
  14.87413483
  11.21744490
  14.74791234
  12.06116419
  11.25644443
  11.13279068
  14.79540917
  16.96868752
  11.26260498
  19.45245566
  19.20914518
  13.95849930
  19.93565743
  13.77222545
  17.60762536
  16.80757833
  19.71942329
  12.49448922
  13.89923084
  14.89527456
  14.42015740
  10.37734135
  15.96070094
  12.61722339
  10.09055379
  16.33617603
  13.55358357
  11.43146554
  13.87979837
  16.03537214
  15.57210786
  17.80348648
  10.60870013
  12.35605552
  13.71810150
  12.16477588
  19.10150684
  15.40733710
  19.39215505
  11.85415201
  17.71589674
  14.33496180
  13.20185101
  10.23418793
  19.08197592
  10.73241672
  12.21175762
  19.55204552
  17.00925066
  17.90950809
  15.89332237
  12.41849096
  13.68270458
  14.03736893
  10.81424692
  11.93037320
  14.75390244
  16.06153119
  18.05076682
  13.57675172
  15.93256627
  16.97225249
  15.76740220
  15.85420741
  10.06413501
  12.54746450
  14.97678828
  10.97621018
  17.76425434
  14.94387278
  15.15843687
  14.10547074
  18.13769600
  12.07808655
  16.43992725
  14.13341390
  11.80119581
  13.60199151
  13.51633354
  18.12229508
  13.39821850
  15.24690140
  19.78303485
  14.10565478
  17.49971368
  17.68661198
  12.61359988
  15.25606870
  15.55775374
  15.26427263
  10.79344175
  15.42376722
  13.17715594
  16.92981197
  13.00743781
  16.61063026
  11.69224599
  10.07085213
  19.76739866
  10.72795117
  12.63091429
  12.52032562
  12.35799696
  10.51584694
  18.15671072
  15.45736224
  11.07988930
  17.18870899
  18.71749985
  14.37962298
  19.31425609
  16.50846340
  16.86629470
  10.89078503
  10.79066013
  11.16963291
  15.73782953
  18.92851710
  10.41073916
  10.82053545
  16.31721519
  10.92801231
  14.07115147
  12.38225759
  19.21927150
  15.94743251
  16.75897354
  10.97900717
  15.15955803
  15.83627661
  12.18652559
  19.08144265
  17.00994468
  16.19492862
  16.09936997
  15.93025206
  18.03618432
  19.59300584
  17.81093368
  13.98962259
  11.44680272
  10.96445307
  17.67015920
  11.07228756
  14.31919996
  13.54496212
  17.15352596
  15.83416445
  10.79280308
  17.27975795
  15.98502736
  15.12929402
  12.96220428
  17.47367606
  17.49002526
  10.76358587
  13.62718786
  16.71575126
  14.22421424
  15.76654323
  19.00872534
  11.38025743
  14.59007802
  13.43901116
  10.55572453
  12.56775522
  17.90747132
  11.57519583
  19.95050441
  17.83352701
  14.97175100
  18.11569558
  18.52720212
  16.33362529
  18.53628440
  10.62961444
  14.40456146
  18.11486265
  10.71146750
  13.72210379
  15.82890627
  19.48593783
  10.82834379
  13.65395766
  10.26124677
  18.50876380
  12.72915628
  19.13287126
  14.14163307
  16.76950164
  12.10294389
  19.04817426
  17.60499401
  19.98958173
  16.43520878
  18.06175776
  15.79598688
  11.46264236
  16.67644933
  12.97497105
  19.75165351
  13.27223497
  17.69178711
  15.84237639
  16.49918261
  10.84613133
  17.67643643
  15.98736970
  10.28303014
  14.30390794
  10.50904289
  14.49146959
  15.87317633
  11.97318951
  18.75530675
  18.00192557
  11.02747229
  17.37792674
  18.06311327
  14.14773555
  17.63622906
  14.78390565
  11.92307475
  17.52777111
  15.88516952
  18.73134133
  12.57754743
  15.31959242
  19.18714359
  15.51361901
  18.05509983
  16.70595425
  13.44883020
  12.04466224
  16.59274694
  17.65136376
  19.12607226
  10.27803004
  19.61719712
  16.50881280
  15.77148448
  18.11458140
  19.24121945
  16.99613549
  13.61602535
  19.87898209
  18.97143912
  13.70611962
  11.79753588
  11.42373990
  12.07209785
  10.31235528
  17.46819828
  19.12020481
  18.04949097
  18.19135182
  12.88774442
  13.91522422
  18.50836422
  13.43316892
  18.47155983
  15.00519003
  17.14213554
  16.97003757
  11.91045303
  14.12252598
  19.24101836
  12.12644243
  10.46530034
  16.23119843
  18.66402547
  12.48858403
  11.80734596
  10.14806144
  15.36951520
  12.47560979
  18.12142617
  10.35801178
  16.81088067
  10.67917828
  16.65707182
  10.94997720
  14.51685821
  11.50537448
  11.54407296
  19.80119763
  17.68003143
  17.83810817
  18.52638332
  18.33100042
  16.06422636
  18.35761652
  15.92566035
  14.70364557
  12.03455682
  18.09997940
  13.09367892
  14.70507542
  15.97645717
  16.94462822
  10.78640061
  17.06860108
  14.94677556
  14.12008441
  17.44222702
  17.88138216
  17.33204837
  10.30354772
  14.31692838
  10.10787042
  13.81817705
  10.65910655
  17.20616220
  19.02267126
  14.40791453
  14.61453324
  14.36320786
  15.36392188
  15.48521607
  19.69729870
  15.89043027
  13.18372542
  14.83361506
  13.98040355
  19.78290776
  15.35791462
  19.48777410
  16.18335117
  16.82544405
  16.56308810
  17.81252384
  10.37517700
  19.63935599
  15.59210989
  14.32107590
  11.02777246
  12.02454749
  11.03847825
  13.64886047
  13.41528115
  10.53561342
  15.48275362
  18.24064563
  11.24812682
  10.72819484
  11.86339997
  16.80622487
  13.58110733
  11.84359244
  16.77746390
  18.80466714
  14.83929524
  19.36076842
  14.40199100
  15.25284958
  17.22082290
  13.12548310
  11.95694391
  14.12822580
  17.11288139
  11.96076681
  17.62759401
  15.08451843
  11.98703795
  15.55975045
  16.85021360
  12.32574326
  19.63684069
  18.32677268
  17.02885752
  10.97083852
  16.59067256
  10.33801895
  16.41543452
  13.24382252
  17.96067582
  10.28053830
  16.38237532
  11.45162414
  11.72067913
  14.15763385
  11.10840499
  18.80022127
  18.88613394
  19.24816286
  12.31098512
  10.44699931
  11.30544931
  13.18212833
  17.13942129
  12.78038370
  18.36504299
  10.35515254
  18.34425431
  17.66667991
  16.22516170
  10.46976026
  13.18467777
  13.47544510
  12.79506848
  15.39484119
  13.72998257
  16.17155030
  17.09583248
  15.88078193
  12.83118881
  18.65127617
  10.53969647
  18.57316488
  11.98873879
  16.06643134
  12.93899301
  13.83939266
  11.11204526
  14.64867078
  13.24674040
  16.32723767
  10.91293873
  16.66376757
  12.17572334
  19.25978459
  12.15251359
  16.90684778
  11.01525996
  16.43357002
  10.62208816
  17.04471218
  13.81538139
  15.78338215
  18.96931278
  17.90352752
  10.18541750
  16.30467672
  17.82219919
  13.18756956
  10.91861974
  17.84865749
  14.93807660
  18.28074844
  11.13245862
  15.89160576
  11.24710612
  18.97050382
  14.03154095
  18.49216754
  11.65179405
  11.93673760
  19.47181867
  18.11452658
  19.65316636
  10.36288895
  12.15120454
  11.28510994
  14.60157027
  16.31074399
  13.91576383
  10.71374973
  12.66904561
  17.88224278
  15.78658054
  15.27396533
  10.52637264
  14.13943999
  18.32391483
  16.05629825
  14.18615585
  10.82410278
  18.28661200
  14.61505151
  14.79143723
  19.36124123
  12.44946999
  14.44903474
  16.49803183
  12.75249477
  14.92344637
  13.64317226
  10.26634485
  12.67416627
  14.45074095
  15.89582162
  14.90414119
  12.29277728
  12.01540685
  11.33626458
  14.12069675
  14.76489794
  15.20565415
  13.36882800
  13.47410744
  14.99806435
  17.10414194
  12.02740675
  13.34340854
  18.52974693
  17.31069753
  17.22362578
  10.34398183
  19.19417829
  12.35604807
  11.85610397
  12.77663681
  12.06487655
  11.34111765
  16.15530630
  15.64373788
  19.73891946
  14.89426917
  14.66745192
  14.29468654
  11.38054835
  11.59964369
  17.82549530
  18.69423468
  13.07248319
  19.72243405
  12.10404086
  18.28174614
  12.58479142
  16.26417336
  12.13092351
  14.27247246
  15.56439154
  15.14775284
  19.07972839
  16.00527951
  18.93253021
  14.12945508
  16.73844685
  14.03536310
  11.91895439
  12.85500451
  11.78863462
  18.14410713
  17.10057262
  16.27864100
  15.67303773
  13.94604372
  14.20150159
  13.14983907
  15.47862949
  18.23048441
  19.73719770
  10.51269467
  12.41175017
  14.89762255
  19.49913742
  13.77483039
  15.17021985
  18.68457793
  11.26614449
  16.99577540
  11.52437759
  10.20042193
  12.46828246
  14.60504552
  18.24591622
  12.32498795
  19.49317411
  19.25552016
  15.11797120
  16.76262906
  16.93880245
  11.76291336
  11.16110765
  15.92097995
  17.20607811
  19.08041026
  18.63568718
  16.88373703
  16.16688314
  11.71320997
  15.41637347
  19.18809941
  18.07998073
  14.38994955
  16.53005338
  16.47084641
  15.13132491
  11.29543971
  15.46522015
  15.60297554
  16.26974855
  17.91116564
  12.72208517
  18.40625167
  17.64191254
  19.54406680
  17.24684996
  10.46331535
  12.39800780
  10.31492973
  15.18682916
  10.41299773
  18.20232940
  19.58348308
  11.84394260
  16.51269094
  10.59947223
  13.65948808
  18.75883211
  15.35340761
  19.30195017
  18.08683946
  10.77511623
  19.66876919
  12.79782314
  18.70403136
  11.67754839
  15.74752347
  18.90865958
  18.37421994
  11.29046110
  13.26209695
  11.78840751
  17.70424260
  15.84458855
  15.74672556
  14.02347243
  14.26650210
  16.70661836
  10.87770907
  19.58653397
  16.07931956
  11.33734662
  15.41324169
  15.19873806
  18.84584922
  17.56846183
  14.53529104
  19.72933498
  15.70719353
  11.28658333
  12.11933983
  19.54545668
  14.18850842
  19.74712256
  17.40628016
  10.74948244
  10.82061871
  13.53579917
  12.62277560
  15.94416566
  11.22778838
  14.06283346
  14.45412717
  11.11691835
  16.31958512
  10.60987435
  12.49561675
  14.87040608
  19.96573397
  17.57678030
  14.96144383
  16.57429336
  13.55682103
  13.57861919
  10.44666273
  19.69378999
  13.44224101
  13.21529722
  18.86518174
  10.08945561
  17.61284846
  17.12856029
  10.02896654
  14.67738130
  10.43655195
  15.76948952
  10.78878619
  11.30449544
  16.71852769
  11.05112701
  19.89268950
  19.05764824
  11.05398253
  14.15810508
  16.35962559
  17.15051578
  12.13118672
  10.26451262
  13.69068850
  14.68656716
  19.54071683
  11.74393631
  18.83238606
  19.16173632
  17.36045520
  14.32644700
  13.59266025
  12.61166160
  17.51041602
  19.22469722
  19.33860609
  11.39416222
  19.18307337
  10.09546615
  15.69220679
  11.51171468
  10.30517922
  14.81806382
  10.18778993
  10.69799383
  10.51195962
  14.88318755
  10.66551517
  17.51719320
  14.59608986
  16.74006887
  17.75894821
  16.92353003
  13.54188444
  19.97751624
  16.30033801
  17.09114489
  19.87874406
  12.74504538
  15.54181170
  10.01682445
  11.05800689
  12.75282101
  12.81684646
  18.46057249
  13.57861409
  12.21096085
  15.72255030
  12.80740038
  11.33130078
  10.28835286
  12.25305569
  16.85938372
  14.60350812
  18.85625422
  11.34170023
  10.24701900
  11.18513275
  16.19031388
  15.16359309
  11.07702651
  19.06560727
  16.80997327
  10.78389241
  12.19706264
  19.51041955
  13.65903826
  17.17840740
  11.74812579
  13.99147492
  18.87937700
  12.65357025
  17.88027938
  10.54764915
  12.38666616
  17.42838140
  17.57998442
  16.54455601
  18.72647622
  17.53902067
  19.49494918
  18.86295312
  14.70038716
  18.71462965
  15.53070759
  19.72246365
  11.16899163
  17.15042150
  16.09624993
  10.45109694
  19.78784072
  19.87809614
  13.88313299
  15.69499633
  13.58544486
  13.84234695
  16.44364567
  12.04559354
  17.95113182
  15.18748674
  10.97592380
  13.84127253
  18.47698563
  13.74957935
  19.25087658
  19.02812885
  11.67754282
  18.09464727
  10.26062060
  12.78584606
  15.15963029
  18.07681171
  17.63102458
  12.38812951
  16.10033065
  13.75351648
  19.98742261
  11.75811726
  10.11950357
  16.54001693
  12.44085432
  10.04531462
  17.65270588
  11.19686853
  11.04767690
  15.82952393
  11.10395783
  14.54451255
  11.88765313
  19.80934797
  10.11530196
  12.64506718
  16.40256690
  10.00961966
  12.82405458
  16.83177697
  18.00693223
  10.25674377
  17.01786162
  14.30318099
  16.10226745
  10.97527848
  18.88233489
  12.23740586
  13.84320059
  12.07462669
  18.40338030
  16.97984932
  12.24382467
  13.70648336
  19.65633064
  15.27346277
  15.78835944
  15.19328071
  11.09544412
  14.47610191
  18.56583008
  15.85290471
  16.76361457
  11.22121059
  14.27547591
  10.18007318
  13.22084570
  13.97715883
  17.23764396
  12.15259805
  16.69603548
  18.22105507
  16.70273844
  14.87042358
  14.51185574
  15.89448809
  12.29145839
  12.85004002
  12.47946920
  18.53480852
  12.23869374
  18.77294170
  12.09815483
  18.88545715
  14.47472910
  14.42972692
  13.94678219
  11.05883606
  15.23116101
  18.01397373
  11.53968465
  10.74761571
  12.91952763
  19.61559123
  16.75643434
  18.79099497
  16.82412883
  17.00317220
  14.99527926
  15.46589997
  19.10079853
  12.76407141
  12.23115117
  16.73545430
  14.82748271
  16.85289431
  14.10874035
  12.11659131
  19.41698867
  14.84191535
  14.76234099
  15.11399306
  14.45954881
  13.91953044
  11.77778204
  10.30606804
  17.92432771
  11.86487316
  19.02180313
  12.19774508
  10.74952123
  15.62898481
  11.48690004
  12.00870039
  19.62618053
  17.08752147
  14.23577864
  11.30856354
  14.57003210
  10.41777777
  10.24721462
  14.51262125
  15.96913440
  17.27228733
  14.39648417
  19.50762039
  13.72259833
  19.71750000
  11.12392725
  13.65148992
  18.72627651
  13.24424273
  16.63784582
  13.14875668
  14.71788579
  10.26436760
  18.65626012
  17.41689670
  12.68092075
  17.84879028
  11.66639647
  15.98654065
  10.83451374
  10.31710920
  18.21096834
  14.56924049
  16.33889622
  15.62176830
  18.95977338
  10.87154760
  16.27082426
  14.18037310
  17.90397461
  14.45431591
  11.19110332
  10.72900631
  17.95300288
  17.03466643
  16.32926570
  11.60694434
  14.89064279
  15.27458505
  17.81740134
  11.34539570
  15.90917625
  17.51384459
  12.37021140
  15.56727612
  10.62688110
  19.03422350
  13.53746609
  10.11841709
  11.73113575
  17.33064873
  12.09062797
  15.99776190
  10.22231407
  10.49882386
  15.80428200
  12.11523817
  18.52983959
  15.95361610
  16.52018059
  14.55590780
  14.87249885
  12.60421339
  10.32065713
  17.20809016
  13.42879266
  19.71977503
  15.02597465
  16.53992658
  19.74762354
  12.42888300
  12.91555704
  15.28518014
  18.40143589
  19.89177841
  19.17818348
  16.65313149
  16.94430653
  16.35831232
  14.07208891
  13.46178864
  17.38927021
  14.02259908
  10.79080718
  17.66003810
  10.72760778
  16.57874316
  12.85168834
  15.88820881
  11.70336755
  13.39642290
  12.36895743
  13.26984644
  17.00387122
  18.86530601
  12.33414980
  17.56399237
  18.91062163
  10.33611613
  13.71962372
  10.25588382
  13.28269507
  18.62763761
  16.21317224
  11.37239520
  13.04005514
  18.85903168
  16.19448133
  13.06870427
  18.45865349
  15.39668483
  15.59377175
  11.25762339
  16.58027904
  14.41957974
  19.59786717
