  0.93488023
  0.77022502
  0.81413800
  0.56490562
  0.81370625
  1.00947962
  0.78573275
  0.56927212
  0.50777409
  1.19083586
  0.90164966
  0.58695325
  0.74046293
  0.73024405
  1.31345313
  1.25006107
  0.70756620
  0.38989368
  0.84054604
  0.67565905
  1.23496044
  1.01646950
  0.95916257
  1.01884626
  0.96678246
  1.08253088
  0.62163408
  0.41557813
  1.24689280
  1.16099549
  1.32554071
  0.30158776
  0.53138182
  1.23783289
  1.45591649
  0.82283124
  0.77892341
  1.00312553
  1.03479060
  0.43544131
  0.34231955
  1.40998628
  0.47012938
  1.08679437
  1.09725373
  0.74227174
  0.16471155
  1.17485344
  0.87313631
  1.82584132
  0.39552605
  1.11941734
  1.08335743
  1.53384572
  1.18209714
  0.76541286
  0.56561849
  1.42399805
  0.94154338
  0.51418768
  1.29329768
  0.17533362
  0.96787100
  1.26615676
  0.57962727
  1.02052855
  0.82000018
  0.83980471
  0.60570437
  1.11397831
  0.94709490
  0.86638746
  1.22584897
  1.00009232
  0.62504285
  1.14966247
  1.50058925
  0.92206503
  1.37030230
  1.23324895
  0.61839723
  0.93689499
  1.32421560
  0.33937114
  0.82445672
  1.07347830
  1.04776536
  1.08764968
  1.18849614
  0.89199406
  0.37477905
  0.77008632
  1.00309587
  0.78454620
  0.65014330
  1.21339045
  0.62668014
  0.42634706
  1.21229693
  1.20185764
  0.97269584
  0.62612627
  0.44191259
  0.51933981
  0.87104761
  1.26136706
  1.03233417
  0.58455156
  1.27058403
  0.92956255
  1.27770575
  0.85986346
  0.77317614
  0.98012887
  0.85867589
  0.94561661
  1.11854379
  0.62026584
  1.26068412
  0.99537903
  1.30107957
  1.18888883
  1.20452269
  0.87722360
  0.58766849
  1.05443769
  0.68414021
  0.90069773
  0.77331093
  1.02915132
  0.86449124
  0.85620814
  0.95785868
  1.41849009
  1.15272185
  1.44489940
  1.42194060
  0.76162700
  1.64965371
  1.63009985
  1.22242871
  0.62299731
  0.41365002
  0.21645499
  0.81354542
  1.18523940
  0.61217006
  1.28599661
  0.53921620
  1.02887546
  1.47645006
  1.24800291
  0.67427538
  1.10948124
  0.75730904
  0.80511824
  0.96544547
  0.97623023
  1.35496116
  1.04657066
  1.48764373
  1.37102618
  0.91420062
  1.26627707
  0.32998679
  0.47392010
  1.03809664
  1.35279205
  1.23305036
  1.15852946
  0.34426686
  1.63036972
  1.38532941
  1.11113676
  0.93091751
  1.24753245
  0.74142053
  0.61702352
  1.35657052
  0.54358048
  1.82067992
  0.63832701
  0.78450863
  1.38908722
  0.83986323
  0.98019308
  1.07118369
  0.99256758
  0.70084043
  1.22601050
  0.75694695
  1.10799221
  0.71610616
  0.39517571
  0.41311778
  0.89125690
  1.07935746
  1.15624186
  1.06648680
  0.62524937
  0.69322166
  0.20527723
  1.04795721
  0.24641555
  0.68344052
  0.31620451
  0.87400045
  0.98924008
  0.99416230
  1.61455838
  1.56224338
  0.70961952
  0.55616023
  0.74500970
  0.91328983
  0.50245196
  1.33489691
  1.42803111
  0.95207435
  0.90857453
  1.23249181
  0.79144616
  0.32400985
  0.97935118
  1.21186406
  0.51067542
  0.44743414
  0.61141080
  0.74168091
  1.22343205
  1.44859334
  0.74777548
  0.63384241
  1.11377535
  0.99445054
  0.73249073
  0.43981150
  1.29135687
  0.29836363
  0.90950639
  1.23770403
  0.33754605
  0.25967306
  0.78894432
  0.26104518
  1.23548791
  0.42635746
  1.18629053
  0.52153738
  0.84605078
  0.86764129
  0.80509079
  0.73269512
  1.15445588
  1.35560418
  0.94297714
  0.90451284
  1.36487592
  1.03314477
  0.62066517
  0.90780942
  0.85424339
  1.05732298
  1.19093508
  1.02068928
  1.51961599
  0.72992243
  1.05334818
  0.69401001
  0.85258093
  0.66741436
  0.75179121
  1.28268530
  0.48044682
  0.95326742
  0.43634361
  0.86416281
  0.87680533
  0.97643637
  0.67849522
  0.53670004
  0.75101845
  0.73740692
  1.15555441
  1.67477370
  0.52117393
  0.88891172
  1.25141690
  0.79707553
  0.84767527
  1.10227807
  1.08962137
  1.03555957
  0.77504196
  0.77270710
  1.16186844
  1.21040291
  0.74193118
  0.85477313
  1.35604170
  1.46327766
  1.34273169
  1.28676014
  0.86831787
  0.83806831
  1.50405924
  0.95380846
  0.77875693
  0.75739488
  1.03545100
  1.32768446
  0.97609484
  0.53917854
  0.67904206
  1.17730566
  0.95554846
  0.54583397
  1.01317653
  0.53673623
  0.99980199
  1.21851131
  0.89414481
  1.12350527
  0.50847561
  0.60667456
  0.51850893
  0.45261608
  1.39915293
  0.55442888
  1.56958632
  0.89595098
  1.13175260
  0.83786268
  1.25590804
  1.09744683
  0.97395907
  1.09306412
  1.00257654
  0.68668385
  0.99446308
  1.49589806
  0.99805803
  0.63717431
  0.37329220
  1.17327781
  1.00971024
  0.90893163
  0.94892313
  0.44053089
  0.97611626
  0.60432271
  0.63661019
  1.34760631
  1.17098246
  0.64670947
  1.10906176
  0.96845430
  1.48059090
  1.46755921
  1.22369931
  1.08228750
  1.01174851
  0.86185919
  0.58255920
  0.59916047
  0.74722959
  0.99421748
  1.11521270
  1.19042890
  0.56518794
  1.08963360
  1.07907800
  0.97340331
  0.54607309
  1.17055345
  0.99474940
  0.22400776
  1.01456987
  0.67896008
  1.07181202
  0.99167216
  1.28676075
  1.16230734
  0.51993190
  0.50326997
  0.54438250
  1.14972149
  0.59879750
  1.08968921
  0.69519351
  0.97334076
  1.11941098
  0.56056091
  0.76329033
  0.57957428
  0.97411601
  1.20300290
  0.80696852
  1.07099924
  0.32742973
  0.59706303
  1.71464734
  1.31143274
  0.58643838
  1.49693324
  1.03032677
  0.78488078
  1.77454135
  0.44090755
  0.75501932
  0.97249156
  0.82175745
  0.39236629
  1.39989874
  0.19503852
  1.12858165
  1.25549640
  1.02036129
  0.69901550
  0.86766780
  0.72405418
  0.09976291
  0.74270754
  0.76439299
  1.10259969
  0.94718083
  1.13538460
  0.78452344
  1.19520036
  0.79369071
  1.30758962
  0.96324707
  0.70355409
  0.77146689
  0.66634229
  1.11588624
  0.45168588
  0.47814104
  0.58695646
  1.13586085
  1.15161810
  0.73403944
  0.77913957
  0.67032258
  0.86164508
  1.71026893
  0.88262755
  1.51709952
  0.31364877
  0.70715834
  1.25379683
  0.93490120
  0.69760767
  0.84611385
  0.90080405
  0.45208067
  0.82766513
  1.43346502
  0.52457597
  0.88732805
  1.04346672
  1.71286676
  0.84240616
  1.29490236
  0.30468356
  0.91993482
  1.01289831
  1.40476670
  0.84644368
  1.28127411
  0.52736704
  0.45177932
  0.34831046
  1.56035260
  0.22302379
  1.46007181
  0.51943481
  0.89571730
  1.28176327
  0.90648813
  1.16454473
  1.27533360
  1.29622195
  0.90243213
  0.71214073
  1.27433041
  0.38329210
  0.43513241
  0.97495116
  0.18619433
  0.99156911
  0.64905900
  0.72719423
  0.30530851
  1.11561774
  0.98021298
  0.89391564
  0.93462215
  1.48536737
  0.80280112
  1.10260296
  1.67559080
  0.76987441
  1.01141212
  1.24802597
  0.98194322
  0.79630987
  0.83625491
  0.62828835
  1.40929439
  1.13070420
  0.99644468
  1.15236269
  0.45491744
  0.85032437
  0.39729492
  1.18999968
  0.63767908
  0.94199076
  1.04429438
  1.55419832
  0.45835155
  1.37753089
  1.14694782
  0.35786226
  0.70830535
  0.61667970
  0.80863826
  1.12384344
  0.99964576
  0.96798315
  1.35866881
  1.18044026
  0.90597638
  0.79402986
  0.60075622
  1.00929011
  0.80524071
  0.71180441
  0.81950165
  0.81201878
  1.71558336
  1.10996092
  0.88697298
  1.32508721
  0.63251591
  0.88977569
  0.87151605
  0.96199552
  0.59066859
  1.16253152
  0.76062959
  0.95954602
  1.19678173
  1.00698385
  1.01483427
  0.59247294
  1.02577455
  0.86398877
  0.27992917
  0.96197937
  0.66017156
  0.64078109
  1.10298269
  0.86320856
  0.83748258
  0.86251029
  1.36332667
  0.84892342
  1.04665562
  0.71579884
  1.06310016
  0.74524764
  1.21112989
  1.70422770
  0.28657452
  1.37860434
  1.10117056
  1.11285120
  1.13048941
  1.43654300
  0.58843028
  0.84605765
  1.30564147
  0.69109362
  0.51583033
  0.93812454
  0.41415749
  0.75448085
  0.72173993
  1.34224863
  1.36395622
  1.28984097
  0.82204530
  0.48393577
  1.47244230
  1.35727816
  0.77155620
  1.33463051
  0.96500970
  1.12781327
  0.43318897
  0.80395205
  0.73168315
  1.32454384
  0.87142066
  0.81356659
  1.14984782
  0.45844470
  0.70823956
  0.78234997
  0.79072604
  0.80544123
  0.60242602
  0.34635904
  0.62748183
  0.97219697
  1.24574102
  1.32738348
  0.64251591
  1.30702134
  0.94335713
  1.01220302
  0.69450094
  0.81374883
  1.36347108
  0.68219553
  0.80068908
  0.87399539
  1.06755122
  0.66282088
  0.66115876
  1.37017079
  1.00468714
  0.73565594
  0.95161381
  0.81957557
  0.47085630
  1.25577384
  0.92000003
  1.02198036
  1.42441324
  1.10781026
  0.61690536
  1.22720397
  0.17056157
  0.62502697
  0.88740184
  0.59324382
  0.54211765
  0.77010079
  0.54090755
  1.40360174
  0.93596900
  0.59334102
  1.38260982
  0.99608336
  0.81420247
  0.37509537
  1.35556225
  1.00225299
  1.53896075
  0.54456175
  1.09099888
  0.44930751
  0.95882630
  0.73071277
  1.15959133
  0.46419307
  0.64933261
  0.10139285
  0.76105164
  0.59949353
  0.81704036
  1.24339782
  0.73925344
  1.06629187
  0.29297855
  1.03760540
  0.64023424
  0.81304017
  0.75531553
  1.35169714
  0.64185469
  0.80048559
  1.52760543
  0.94468375
  1.43868451
  0.92847445
  0.81038010
  1.17516885
  0.51035102
  0.60632466
  1.31529920
  0.67246322
  0.59933756
  0.95829216
  0.64607592
  0.90341411
  1.18134572
  0.65730312
  0.80934334
  0.51383510
  1.10677547
  0.85780058
  0.43930334
  0.84125468
  0.60025885
  0.73655402
  1.02106962
  1.16651714
  0.74686992
  0.64449087
  0.45053384
  1.53014725
  0.33921454
  0.75444941
  0.81915031
  0.59337383
  0.42892329
  0.70954753
  1.00570395
  0.23005427
  0.47701122
  0.99752712
  1.19725491
  1.24918303
  1.16324289
  1.51339108
  0.66337672
  0.45158753
  0.60090256
  0.58432181
  1.07494591
  0.97879085
  0.54461453
  1.02252271
  0.54944345
  0.88455528
  0.69560048
  0.71201338
  1.18291644
  0.96049996
  0.42896271
  1.15683011
  1.45301115
  0.77915777
  0.52342615
  1.11625214
  1.19598791
  1.61505491
  0.85354802
  1.11764875
  0.59257452
  1.49326977
  0.72688840
  1.39066178
  0.74102207
  1.33023841
  0.92628977
  1.23715777
  1.23160506
  0.27180549
  0.64147564
  0.62452772
  0.54222654
  0.56732878
  0.79379476
  0.56400594
  0.80583903
  0.91027212
  1.16772956
  0.59507409
  1.05469526
  0.91014983
  0.80143344
  0.71440667
  1.36492341
  0.70265826
  0.88952848
  0.96071397
  0.66600501
  0.61978644
  0.67703013
  1.51754242
  0.94355413
  1.65455243
  0.98744708
  1.39581320
  0.68939706
  0.46851904
  0.93567936
  0.91790258
  0.93954466
  0.85402460
  0.84368028
  0.31324965
  0.80888840
  1.04602673
  0.89917226
  0.97301217
  0.27998442
  0.85453642
  0.37463623
  0.78336738
  0.72553837
  0.74955461
  0.62730945
  1.48623593
  0.33241206
  0.83454345
  0.94319445
  1.31524292
  1.16893391
  1.31324307
  1.00271601
  1.02418544
  1.43044336
  0.84389051
  0.57840465
  1.27669337
  1.37854564
  1.18882740
  0.72731955
  1.00889171
  1.19134255
  0.72997818
  0.50305220
  0.89868780
  0.40424176
  0.93619107
  0.86348254
  0.68796866
  1.05162145
  1.17716091
  0.96000049
  0.69841661
  1.17669126
  0.64697819
  0.87780478
  1.17347835
  0.83731183
  0.72323726
  1.13407032
  0.33319747
  0.56785399
  0.70644451
  1.32613388
  0.74705792
  1.50181091
  0.76281869
  1.04029844
  0.61097506
  1.52886756
  0.76576682
  1.24502601
  1.20733151
  0.95742618
  1.30052505
  0.50371661
  0.49061566
  0.42755813
  1.13571780
  1.45931902
  1.26744351
  1.04617957
  0.69586224
  1.08576596
  0.56307368
  1.49446747
  0.56567768
  0.64288205
  0.77968960
  1.45150346
  1.04593560
  1.01860585
  1.08427447
  0.85138962
  0.99537246
  0.78440366
  0.70005269
  0.80972269
  1.08062161
  0.52521170
  1.42920514
  0.53595066
  1.17327120
  0.79360240
  1.06984715
  0.98554915
  1.29987853
  0.91497726
  1.04002143
  0.77066752
  1.33768808
  0.74041130
  1.15109509
  0.42525578
  1.15378684
  0.71795183
  1.31759902
  0.76119819
  1.40563352
  0.70493640
  0.98769742
  0.81812602
  0.47735822
  0.61734200
  1.58577632
  0.77266709
  0.62625931
  1.04565898
  1.33653148
  0.62337613
  0.89026932
  0.57352665
  1.29628011
  0.80878674
  1.27686066
  0.47716391
  0.96849678
  0.54674755
  1.21660327
  1.17965234
  0.37859164
  0.59338023
  0.32803581
  1.49124433
  1.15393915
  1.27069357
  0.91901418
  0.77212966
  0.97874290
  1.38205114
  1.09720063
  0.61969167
  0.81785059
  0.86168526
  1.43327286
  0.95901830
  0.56820861
  0.79448622
  0.95493361
  1.35649275
  0.57280844
  0.91785815
  0.90277116
  0.40413870
  1.12047424
  0.93213060
  0.75541898
  1.08860901
  0.89151546
  1.00323297
  1.53623589
  1.09666966
  0.93198347
  0.80842206
  0.89316013
  1.13775830
  1.17003677
  1.26258372
  0.96066029
  0.90503718
  0.86749875
  1.02851900
  1.01872951
  0.88516181
  0.69925574
  1.16858952
  1.03090011
  0.54177900
  0.67914425
  0.68769523
  1.49922205
  0.43797729
  1.13070502
  1.18975195
  1.08614712
  1.16410226
  1.26182522
  0.78582888
  0.83012168
  0.29796744
  0.89400131
  0.91336907
  0.94548421
  1.25572929
  1.22378565
  0.62590105
  0.51915663
  1.05675136
  0.30419690
  1.15946204
  0.57340454
  1.10601124
  0.77624895
  1.15630554
  0.94741398
  0.83691492
  0.87242500
  0.45874392
  0.79892882
  0.48329532
  0.95989280
  0.73357205
  0.96815990
  1.18185780
  1.07822516
  1.19840820
  0.58991522
  0.69959818
  0.77497068
  0.82760930
  0.97605509
  0.95359418
  1.04927652
  0.84424257
  0.57963138
  0.29862978
  1.43753241
  1.12457957
  0.89371556
  0.37177163
  0.99133502
  0.87051358
  0.52052744
  1.27375552
  0.70958161
  1.23441971
  1.57539378
  1.11843919
  0.91871613
  0.57776690
  1.13415450
  0.37327999
  0.42610315
  0.87495868
  0.73134634
  0.71495437
  1.20176069
  1.29130503
  0.80624443
  0.68940524
  0.45862494
  0.52738213
  0.72011277
  0.78481329
  1.20832551
  0.84955391
  0.43912358
  0.59739202
  0.93723169
  0.75253658
  0.75785996
  0.87382261
  1.26903867
  0.84538709
  0.83361336
  0.77575651
  0.61649598
  1.09172493
  0.55785898
  0.64548123
  0.36002420
  0.68542532
  1.45368582
  1.12608371
  1.51219552
  0.86910046
  1.47159872
  0.58301139
  0.34909696
  1.19129795
  0.75410043
  1.41185356
  1.00175087
  0.50983529
  0.85492039
  0.41671093
  0.59659845
  1.36750454
  0.32295464
  1.08399510
  0.51776009
  1.21310897
  0.82121179
  0.48708431
  0.56191855
  1.26983516
  1.03856523
  1.19843767
  0.63891575
  0.81284923
  0.82128040
  0.96920819
  0.94793301
  0.73649317
  1.34497910
  0.34822418
  0.79247757
  1.26241445
  0.84982094
  0.86808721
  0.49682894
  0.65311736
  0.92470488
  0.30161919
  0.82467765
  1.27045698
  1.15766287
  0.35964933
  0.95472820
  0.29477230
  0.66962389
  1.37347290
  1.35725980
  1.01304435
  1.10202161
  0.80423531
  1.28004447
  0.96574123
  0.93169152
  1.29901536
  0.77134612
  1.40897087
  1.11549669
  0.89603514
  0.15084687
  0.65225783
  0.88827943
  0.74854116
  1.01111530
  1.00911928
  1.45943692
  0.31447420
  1.02168068
  1.04301188
  0.49386319
  1.67703818
  0.64851550
  0.69690868
  1.80125415
  0.91251916
  1.46301139
  0.81932201
  1.36438125
  1.26759517
  0.73540127
  1.31089893
  0.22096711
  0.46256847
  1.31037249
  0.95738497
  0.76779127
  0.69479169
  1.15627474
  1.53721025
  0.99892286
  0.91173309
  0.36092476
  1.20425349
  0.49887734
  0.44403550
  0.67420634
  0.94272877
  1.00783582
  1.10318593
  0.65907909
  0.43214134
  0.40902025
  1.25365149
  0.44006740
  1.66929520
  0.82596439
  1.23624177
  1.51676615
  0.90049888
  1.58408923
  1.38593573
  1.43776380
  0.89494570
  1.39415573
  0.65838622
  0.91948427
  0.73342294
  0.63308498
  0.71638838
  1.01248552
  0.13105468
  0.77305126
  0.70050188
  0.23020592
  1.08937076
  0.83884555
  1.85542667
  1.30963225
  1.08857567
  1.08206939
  0.55087272
  1.00911974
  1.14703911
  0.82335849
  1.08302483
  1.26336144
  1.52493941
  1.14224083
  0.72238375
  0.91884798
  0.49523635
  1.26173429
  1.54680230
  1.28719787
  0.78275559
  0.87107737
  1.30616032
  0.46119610
  0.72697245
  1.36549475
  1.14863449
  0.36888660
  1.00179171
  0.69209303
  1.20370173
  0.97203324
  0.49166682
  1.09880838
  0.61990784
  1.42681403
  1.12732854
  0.66740146
  0.65192639
  0.75122852
  0.51453780
  0.65614899
  0.37283218
  0.49420656
  0.91055081
  0.51624253
  0.83979461
  0.30418593
  1.28995084
  0.69480079
  0.79099872
  1.45788932
  0.27782421
  0.23061774
  0.98164613
  0.82572493
  1.00849514
  0.98528511
  0.76029687
  1.16640558
  0.61204439
  0.86904452
  1.32514290
  0.98538113
  0.54873558
  0.99360635
  0.42702248
  0.46759899
  1.21310972
  0.59569331
  1.53929842
  1.08521072
  0.87141452
  0.59775820
  0.64661991
  1.12716775
  0.79064207
  0.99325189
  0.10796624
  1.20238913
  1.64198675
  0.75163810
  1.12140899
  1.75405434
  0.64435008
  1.28521241
  1.31153635
  0.81414919
  1.30131688
  0.92391238
  1.18576959
  0.26800211
  1.64639998
  1.09969375
  0.76396708
  1.90804819
  1.08134134
  0.72495063
  0.60575699
  1.54140393
  0.70748867
  0.94474684
  0.79047276
  1.32526845
  0.49120712
  1.14401885
  0.98520883
  1.16294236
  0.55822466
  0.71108725
  1.14328876
  0.99749424
  0.32701741
  0.86172804
  0.81769738
  0.86855155
  1.30283901
  0.92979783
  0.53694208
  0.81213127
  0.73125551
  1.28113637
  0.94715294
  1.58964366
  1.04248332
  0.97329921
  0.68632603
  1.15377702
  0.73746237
  0.58076646
  0.73684862
  0.89603365
  0.92672007
  0.80853742
  1.13790645
  1.07872393
  1.11723291
  0.54110447
  1.14387227
  0.50776274
  1.16015624
  0.49072111
  0.92991608
  0.93379616
  0.97598961
  1.30947998
  0.86532831
  0.60495741
  1.23223018
  1.37391342
  1.07177893
  0.33969761
  0.73191703
  0.50509091
  0.72566038
  0.70888131
  0.88539888
  0.84532908
  0.45504276
  1.08742719
  1.14473139
  0.73384710
  0.89969534
  0.72298784
  0.96170869
  1.15798555
  0.39163836
  0.89846434
  0.90525556
  0.87529713
  0.93122415
  0.97840823
  1.19981908
  1.51634465
  0.61503457
  1.18864098
  0.46866511
  1.14855603
  1.37346376
  0.83138588
  1.23984122
  1.17084779
  0.33648798
  0.70084890
  0.95060642
  1.26694890
  0.92172050
  1.46982532
  1.54669201
  0.92665422
  0.80206921
  0.68293014
  0.93666691
  0.36960628
  0.99603873
  0.30601457
  1.29777847
  1.00247713
  0.51456661
  1.04025855
  0.74277362
  1.04938056
  0.90905441
  1.53728761
  0.52451483
  0.66855735
  1.09597005
  0.62336162
  1.21461788
  0.80055762
  1.35421475
  1.51118953
  0.58197723
  0.92178846
  0.76963295
  0.83200408
  0.47890979
  1.34627595
  0.77566147
  0.95543865
  0.61729252
  0.93167525
  1.28618609
  1.37835026
  0.61183494
  0.70589232
  0.77048761
  1.22277132
  0.89431034
  0.86163250
  0.62678033
  1.26115811
  0.80726643
  0.65872867
  1.12914022
  0.83666820
  1.40433748
  0.46656790
  1.01289124
  1.64311515
  1.20594444
  0.67716894
  1.16104558
  0.79958244
  1.56134572
  1.44194300
  0.81632560
  1.15814450
  0.54176666
  0.80341576
  0.75342611
  0.92293341
  0.89585675
  1.10396761
  1.50956378
  0.68920939
  1.02292920
  0.30517904
  0.88278632
  0.75164625
  0.29457500
  1.12271070
  1.07217370
  0.86073058
  0.55847209
  0.22159410
  0.44098228
  0.74138131
  0.71443692
  0.76790803
  0.96492728
  1.01986916
  0.67132885
  0.96928521
  1.36392289
  0.64358030
  1.37868709
  0.74813842
  1.07855828
  0.80908052
  1.20963946
  1.02594196
  1.12927856
  1.03783142
  0.70881510
  0.49384403
  1.13313443
  0.65357864
  0.48677472
  1.50264476
  0.99630724
  1.54187449
  1.03661633
  0.52849743
  0.78074523
  1.25698016
  1.05990905
  0.49480981
  0.78238929
  1.05711858
  0.55112178
  0.85123247
  0.83440121
  1.27514136
  0.74799937
  0.93467202
  0.34494556
