  11.23813268
  10.87822884
  11.12820630
  11.57164746
  10.90563489
  11.15895980
  10.97399837
  10.73402665
  11.06770333
  10.94312323
  11.69166325
  10.62948787
  10.85221689
  10.90622715
  10.98092332
  10.79809121
  11.33300407
  10.92357226
  11.33856909
  11.72147236
  10.59808346
  10.80034594
  11.28074527
  10.68983944
  11.38012225
  10.65526586
  11.38056978
  11.29811476
  10.93593988
  10.85606946
  10.94719079
  10.98511813
  10.85527236
  11.45055708
  10.93169674
  11.28193891
  10.62189950
  10.82463426
  10.77619629
  10.89200729
  10.81536897
  10.88914287
  11.21945100
  10.69565124
  10.73437103
  11.76510952
  10.48180255
  11.17106188
  11.10152582
  10.73019446
  11.47994330
  11.28022740
  10.76837509
  10.69335665
  11.23287926
  10.94794527
  11.12388810
  10.51988339
  11.21738851
  11.16041476
  11.12086397
  10.58249252
  11.32074421
  10.75145458
  11.22012391
  10.93824861
  11.08382365
  11.01340518
  10.82230831
  10.78321619
  11.23964863
  11.24854394
  10.60151625
  11.18983608
  10.95078297
  11.11708042
  10.88632620
  10.96461315
  11.17230084
  10.60267240
  11.59825157
  10.78221976
  11.03787747
  11.31264104
  10.95236652
  10.72684033
  10.91733599
  10.90732678
  11.42799363
  11.08473751
  10.89631124
  11.10884240
  10.75385191
  11.13060331
  10.95068954
  10.87557854
  10.78542998
  11.21176487
  10.93979408
  10.80260000
  10.59169310
  10.76468005
  11.26417392
  10.73697005
  10.98361632
  10.82393715
  10.91035788
  11.01482975
  11.12098695
  10.72446469
  11.02927540
  10.94931860
  11.30536413
  10.71145321
  10.84318217
  10.70374315
  11.08488629
  10.85766624
  10.99355963
  10.54595976
  10.78398329
  11.05612203
  10.99961760
  10.97745952
  10.81972673
  10.70599518
  10.94981167
  11.14398349
  10.92790539
  11.02511682
  11.00872119
  10.90080263
  10.67744790
  10.97656042
  10.80442104
  10.76032331
  10.94110450
  10.78262875
  10.99761880
  10.91473559
  11.24283414
  10.98275870
  10.72912053
  10.82253469
  11.15137588
  11.42301804
  10.98121482
  11.17220091
  10.75457854
  11.89229306
  11.58307649
  11.31318765
  11.28552009
  10.88028993
  11.22848454
  10.82782087
  11.21890481
  10.90149007
  11.03643873
  10.80589374
  10.73224541
  10.90549539
  10.92891838
  11.02057276
  10.80619428
  10.71125887
  10.59391499
  10.60250262
  11.45298202
  10.95005170
  10.74569095
  11.11059880
  10.93982824
  11.44931654
  11.10839658
  11.05508967
  10.75273765
  10.82214799
  10.91867290
  11.08669943
  10.77276505
  11.27241814
  10.74512116
  11.04294434
  10.86835826
  10.87140857
  10.75549637
  10.97805949
  10.76679620
  10.58478503
  11.06940524
  11.59445121
  10.95407153
  11.49206987
  11.23836423
  11.12871941
  10.91410726
  10.66044056
  10.89134883
  10.81898691
  11.44974024
  10.83487510
  11.05207611
  11.16639997
  11.08812362
  10.86816126
  10.94394297
  11.21824984
  11.25545941
  10.77739403
  10.99880500
  10.84515948
  10.80842615
  10.84083498
  10.90091303
  10.99483251
  11.10201230
  10.87836234
  10.86451908
  10.78215799
  11.41654167
  10.70972411
  11.05603131
  11.20288941
  10.86598790
  11.06829223
  11.04594145
  11.22106087
  10.77990844
  10.56472411
  11.37465400
  11.04170996
  10.97204470
  11.00795228
  11.00636273
  11.10251199
  10.88214130
  11.02190660
  10.52781625
  11.10371480
  11.14593801
  10.92307948
  10.87719351
  11.17632779
  10.96262490
  11.08177534
  11.06776622
  11.46974024
  11.51920212
  10.99904012
  10.50043048
  11.17005564
  10.74685022
  10.83181698
  11.00567116
  11.07292499
  10.88245236
  10.84870410
  11.28447215
  10.86001001
  11.01215568
  10.82441308
  10.57839781
  10.84771100
  10.75171769
  11.30765638
  10.68798171
  11.05238012
  11.10602345
  11.18601258
  10.78287925
  10.70243837
  10.70878813
  10.89579183
  10.82431445
  11.22296377
  10.75854062
  10.95170342
  11.46688607
  10.96450671
  11.52022185
  11.51131283
  11.18750763
  10.66559695
  11.18061884
  10.79414021
  11.46229110
  10.98835715
  11.23278741
  10.81343093
  11.01584864
  10.77325839
  10.68073649
  11.06363924
  10.76940773
  11.04476927
  10.74772953
  11.15004611
  10.76070541
  11.02146365
  10.71851175
  11.16621967
  10.97117559
  10.95287034
  10.88811836
  11.12326071
  10.66743924
  10.92996846
  11.03150079
  10.86948011
  10.80953458
  11.06278125
  10.77342651
  11.17837100
  11.33069634
  11.35937543
  11.47985111
  10.67134929
  10.92913087
  10.77427863
  10.74252720
  10.74027418
  11.43556674
  11.25267646
  10.96639013
  10.99078644
  10.89762275
  11.25349561
  10.74727294
  11.30458843
  11.04764826
  10.81234899
  10.94595100
  11.30828627
  10.82081107
  10.83333811
  11.18635510
  11.15431853
  10.74244005
  11.12910948
  10.96679377
  11.05922702
  11.09734804
  10.62093100
  10.86891068
  10.93057315
  10.92649456
  11.53877978
  11.07450431
  11.12362861
  10.96399922
  10.87027172
  10.61915862
  10.94015900
  11.01320429
  10.82539449
  10.52631426
  10.85908916
  10.80663699
  11.13367429
  11.15471633
  10.76106552
  11.22542683
  10.79249047
  11.16832355
  11.35122966
  10.59045714
  10.61875079
  10.99468989
  10.94850100
  10.65740149
  10.99667553
  10.71384354
  10.83314047
  11.27408253
  10.99837284
  10.99900160
  10.86849401
  10.54733904
  10.75283755
  10.95819945
  11.34392063
  11.46553209
  11.68783821
  11.57450301
  10.95406761
  11.41121922
  11.41243631
  10.83675768
  11.00268466
  11.06099232
  10.50740346
  10.52471743
  10.58236304
  10.99373264
  11.03662456
  11.43081013
  10.81357425
  10.76277901
  11.08263028
  11.06686048
  10.76626292
  10.84461545
  10.92132409
  10.68639332
  11.54641788
  11.11258043
  10.93134030
  10.77295289
  10.85021286
  11.00973063
  11.00320410
  11.12816290
  10.76554333
  10.85392374
  10.94969321
  10.84617707
  11.06822913
  10.79158782
  11.10688613
  11.05743558
  10.88643674
  10.98665349
  11.19233893
  11.58525762
  11.51689562
  10.66715992
  10.60754828
  10.95225818
  10.79014793
  10.93395469
  11.20956662
  10.66436874
  11.09557303
  10.96659573
  11.06729951
  10.80205033
  11.12697139
  10.63349958
  11.35001663
  11.23571310
  10.80057382
  10.96697506
  10.77719142
  11.03247130
  10.74391441
  11.67931728
  10.65184242
  11.03202749
  10.93509297
  10.79329102
  10.81891611
  10.83202830
  10.91741160
  10.76173793
  11.57180405
  10.68923442
  10.59489728
  11.54072577
  10.80046105
  10.54183141
  10.96443735
  11.05674487
  11.41104938
  10.82439119
  11.35131709
  11.02216440
  10.68189193
  10.75367227
  11.24643027
  10.68179285
  10.85102308
  11.17407795
  10.88059677
  10.94552703
  10.99777182
  11.28301038
  10.69941718
  11.05139030
  10.52469864
  11.30326646
  10.80106179
  11.49055642
  10.69892663
  10.79690665
  11.46794918
  11.03259014
  10.86915157
  10.97500410
  10.94504132
  11.05141778
  10.77842095
  11.12140725
  11.01728982
  10.63898799
  11.27407207
  11.18016501
  11.08932066
  10.77270871
  11.23772507
  11.39474859
  11.55308692
  10.90217284
  11.16458186
  10.77613076
  10.92336672
  11.19471427
  11.02118940
  11.11391728
  10.98648781
  10.62941717
  10.97963092
  11.08615369
  11.21055551
  10.68419159
  10.88584898
  10.90702485
  10.86243942
  10.60937445
  10.77231650
  10.76411520
  11.07709594
  11.32716192
  10.80879838
  10.57416074
  10.68671019
  10.99781910
  10.86136710
  11.14990171
  10.64576272
  10.92466081
  11.11272417
  11.00466086
  10.84567747
  10.71828439
  10.88811237
  11.00123572
  10.99970448
  10.93989666
  10.86263260
  11.03390500
  10.66653568
  11.39250021
  10.91124596
  10.87524391
  11.30946167
  10.79435772
  11.18590687
  10.81994077
  11.42292622
  11.11254023
  10.85978983
  10.70927571
  10.71474204
  10.59694221
  11.26897713
  10.82339587
  10.91567955
  11.10143047
  11.05808792
  10.83781891
  11.08187173
  11.41715760
  10.71102171
  10.83382197
  10.97504794
  11.40481251
  11.12412215
  11.07091056
  10.62375210
  10.98232356
  10.58136668
  11.01416788
  11.80158551
  11.09941029
  11.13577052
  11.07000334
  10.92505789
  10.87420444
  11.04548019
  10.89933787
  10.53986054
  10.90718263
  11.02352171
  11.07723854
  10.54530010
  10.78090979
  10.79406011
  11.05782617
  11.73130152
  10.95338445
  10.91801904
  12.28590522
  11.15303015
  10.97185805
  11.18498596
  11.07662152
  10.84574971
  11.27085520
  10.85245068
  11.32730408
  10.88108190
  10.95144548
  10.66497846
  10.72351705
  11.29587721
  10.79477622
  10.95131949
  11.00884625
  11.03112620
  10.83438089
  10.79712490
  11.13029008
  10.86353144
  11.05562653
  10.75075127
  11.40715540
  10.76961307
  10.77896741
  10.52860356
  11.04904694
  11.01569032
  10.82304056
  11.16805907
  10.77534368
  10.92331111
  11.36419363
  10.95138852
  10.86654660
  11.26901260
  10.68368720
  10.61436984
  11.28053756
  10.88860961
  10.85238964
  10.68190517
  11.59818684
  10.83520149
  10.69508371
  11.30170103
  11.02004687
  10.93522367
  10.83117551
  10.70555346
  11.28608258
  10.99142565
  10.94451775
  10.55257971
  10.85784362
  10.78076728
  10.94922582
  11.01816869
  10.88810452
  10.61215274
  10.95114661
  10.88708280
  10.96214144
  10.85378831
  10.78693157
  10.88114942
  10.98092718
  10.65947355
  11.10804968
  10.68864708
  11.46219198
  11.39135146
  11.03106095
  10.80589846
  10.80312450
  10.96842356
  11.06776908
  10.84411286
  10.76836573
  11.04222390
  11.08351655
  11.10619085
  10.84229967
  11.11633115
  10.59452001
  10.65498469
  10.91023298
  11.32599535
  10.74679217
  11.00051649
  11.04917460
  11.38460802
  11.12426490
  10.60582443
  10.76813423
  11.03631513
  10.84339310
  11.03264848
  11.16224352
  11.12457289
  11.55580729
  10.91341082
  10.60670533
  11.00918772
  10.81968411
  11.03823671
  11.07150566
  10.89789979
  10.90789208
  11.41893590
  11.16245533
  10.90172767
  11.33556444
  10.84782924
  10.73545273
  10.78639431
  11.17794477
  10.70291274
  10.93444743
  10.98176410
  11.12625814
  11.52427432
  10.62109902
  10.59681071
  10.61263572
  11.19365912
  11.53057423
  10.85319546
  11.06960178
  11.08169639
  11.22500302
  10.90168071
  10.60106668
  11.01984928
  11.22763237
  11.36980608
  10.90366243
  11.06055294
  11.07714473
  11.15774335
  11.43237655
  11.26594455
  10.81068568
  11.17977918
  11.28226382
  11.10157951
  10.84510448
  11.56653616
  11.23923529
  10.77474441
  10.98842007
  10.89957092
  11.14924790
  11.46317376
  11.31433681
  11.23147011
  10.98689289
  11.10407983
  10.99450160
  10.81870566
  11.02843724
  10.82387351
  11.04159689
  11.26893785
  11.62654351
  11.02880572
  11.07560827
  10.93937354
  10.52056720
  10.77056568
  10.98528479
  10.56930899
  11.44588856
  11.04807503
  11.04434733
  11.29414624
  11.30862630
  11.33999937
  10.73638816
  10.70482242
  11.11455648
  10.99348849
  10.86544399
  11.00886290
  10.98599506
  11.29732811
  11.34679863
  11.29335915
  10.75460340
  10.86580460
  11.27225674
  10.77189724
  10.92038945
  11.12711578
  11.52548784
  10.79341076
  10.77222313
  11.23251122
  11.20812368
  10.86741616
  10.99898690
  11.07925292
  10.58797873
  11.01689428
  11.31551064
  10.63141977
  10.90966050
  11.19901746
  10.98679914
  10.83594168
  11.08267814
  11.05318792
  11.12557236
  11.26388571
  10.92374278
  10.93175981
  10.99334188
  10.66736031
  11.36022757
  10.88370614
  10.60175939
  10.89953941
  11.22310454
  11.09962826
  10.92051069
  11.09367225
  10.89991427
  11.16388142
  10.93661266
  10.87056033
  10.69195954
  10.86023551
  10.82248481
  10.97889327
  11.13042027
  10.80389714
  10.89065156
  11.29665247
  10.84226655
  10.83370050
  10.78467728
  11.07508355
  11.26847773
  11.04077234
  11.66496898
  10.70334257
  11.05019748
  10.98522062
  11.13801337
  11.06269125
  10.96234846
  11.11891868
  11.05071483
  10.71392734
  11.04657597
  10.85372410
  10.86921963
  11.11460045
  11.21916202
  10.78217575
  11.33304129
  10.83583801
  10.85334732
  11.04011213
  11.02850257
  10.75595973
  10.85320890
  10.53646135
  10.79792751
  11.10775923
  10.95945595
  10.62919178
  11.19536285
  11.04847744
  10.77558627
  11.08416571
  10.83946945
  10.65747228
  10.78643047
  11.19166164
  10.93052052
  10.98774127
  10.89043483
  11.18191146
  11.38345107
  11.21651685
  10.95168287
  11.14358410
  11.10008713
  10.99976337
  11.28177622
  10.53372208
  10.81278760
  11.46515291
  11.77351980
  11.01582834
  11.01984789
  11.39908979
  11.46774137
  11.27664993
  11.81021421
  10.97665134
  10.84642663
  11.10832433
  10.74696467
  10.98460842
  10.94400859
  10.66528320
  11.57886476
  10.93297325
  11.04766316
  11.15451328
  11.09501292
  10.81267203
  10.67755919
  11.18484177
  11.12163440
  11.39382674
  10.99413720
  10.71341555
  10.89563568
  10.68851847
  10.92836202
  10.97118779
  11.42783089
  11.42303727
  10.63894482
  11.15663442
  10.58341005
  11.00319197
  10.79740208
  10.93048207
  10.86323320
  11.45775480
  11.01422282
  10.80860424
  11.17243064
  10.85192709
  10.97318936
  11.02895542
  10.95270103
  10.70028395
  11.04775191
  11.37028899
  11.06405281
  11.34133136
  10.99052681
  10.83250853
  10.97104971
  11.49220720
  10.82214011
  11.07995631
  11.42204462
  11.24107722
  11.31105957
  10.86466312
  11.16353388
  10.84409662
  11.02423395
  10.88331124
  11.16308258
  10.62059941
  11.21639125
  11.17357019
  11.10451318
  10.80123428
  10.73548956
  11.25391543
  10.85258451
  11.09203008
  10.91807516
  10.95114095
  11.27127003
  10.85987737
  10.76154011
  11.11539124
  10.92145918
  10.94854227
  10.88689086
  11.10389955
  10.91954414
  11.20911516
  10.92536607
  11.15700209
  11.22611538
  10.84876566
  10.90177615
  11.19743891
  11.32367023
  10.96450548
  10.94382064
  10.85245732
  11.61852789
  10.78935389
  11.13631300
  10.68404923
  10.48257881
  10.60820835
  10.89944395
  11.02639752
  10.94703460
  11.14874887
  11.05276924
  11.40996345
  11.17100925
  10.73876075
  10.69167523
  10.83684759
  10.86322551
  10.74912357
  12.23526053
  11.09516202
  10.76724546
  10.84772377
  11.33099880
  11.14183079
  10.80763708
  11.30409779
  11.03120520
  10.83233195
  10.86210116
  10.74772624
  10.76154917
  10.77481367
  10.73688271
  10.96124743
  11.18509677
  11.06693156
  10.73801519
  10.92662205
  11.46503847
  11.17964743
  10.89727220
  11.34040001
  10.85018428
  11.57513251
  11.30147086
  11.33708117
  11.26400253
  11.23402378
  10.91479329
  11.04921749
  11.03473259
  11.03983198
  11.15489784
  11.11951679
  10.46765969
  11.69556969
  11.22139871
  11.80442863
  11.14072331
  11.12305223
  11.44230050
  10.88316658
  10.82783633
  10.74094915
  10.91628978
  10.97782580
  10.77185669
  11.53109598
  10.76577603
  11.09218654
  10.89545009
  10.59396691
  11.43736873
  11.10213309
  11.22218225
  10.96400349
  11.10328332
  10.94561039
  10.77453401
  11.17083259
  10.83979116
  10.92566294
  10.75754321
  11.06130579
  11.15870316
  11.38493400
  11.18512880
  11.08963749
  10.62297877
  10.70887817
  11.05301741
  11.08460052
  10.96360968
  11.20192184
  11.05898743
  10.77170979
  10.87159873
  10.85363885
  10.97881975
  10.88594236
  11.01039260
  10.86338194
  10.89755576
  11.14971411
  10.80797910
  10.86216416
  11.24060485
  10.67378591
  10.79855221
  10.73576852
  10.80415711
  10.66739867
  11.01077135
  11.19758996
  10.71879689
  11.30590364
  10.96720065
  10.67247776
  11.02783894
  11.43676364
  11.18754845
  11.30936356
  10.71700351
  10.95159747
  10.77222037
  11.09421638
  10.88384969
  10.95800702
  10.98341062
  10.77650752
  11.30481232
  10.93742385
  11.30976285
  11.02038830
  11.00196833
  10.62804826
  10.77164202
  11.29752329
  11.43267587
  10.83326313
  10.74711999
  11.13338519
  11.07121980
  11.26581688
  11.42716446
  10.91767486
  10.91483917
  10.87988314
  11.42638054
  11.30601025
  11.09657170
  11.19909926
  11.03761699
  11.00293500
  11.03038076
  11.12762959
  11.43765660
  11.36227677
  11.61294871
  11.30786416
  10.84548882
  10.71097722
  10.99281094
  11.26103550
  11.15840569
  10.82864196
  10.93367322
  11.02165878
  10.88399355
  11.06028197
  11.27219761
  11.30017871
  11.03947120
  10.82240022
  11.54516782
  11.03991382
  11.52436437
  10.80087314
  11.47422099
  10.76078734
  10.98074370
  11.01897753
  10.69780160
  10.95283950
  10.80588619
  11.15396380
  11.35202187
  10.87642972
  11.04799219
  11.25782864
  10.72987068
  11.00118618
  11.41999011
  10.65997995
  11.68006797
  10.94111360
  11.16059403
  10.81003168
  11.44523572
  10.77010146
  10.88760752
  11.03043654
  10.65844870
  10.88677520
  11.20070470
  10.81590158
  11.43105839
  10.83281531
  10.98218262
  11.23793169
  10.71562689
  11.44086314
  10.86241310
  10.81368905
  10.96909044
  11.40874206
  11.12177380
  10.98717083
  11.31806816
  11.01847561
  10.93831889
  10.79493409
  10.89227657
  11.03032362
  11.03074290
  10.93038206
  11.29858216
  11.19514298
  10.71513786
  10.68807107
  11.43668811
  10.78186185
  10.94969299
  10.81658444
  10.86419048
  11.57436570
  10.74113743
  11.00398765
  10.90637092
  10.62560867
  11.17021341
  10.94188856
  11.33237444
  11.22777302
  10.85537429
  10.93201147
  10.88503188
  11.13346892
  11.02811434
  10.66804779
  12.17220612
  11.56900181
  10.54491133
  10.79952481
  11.00609076
  11.36226611
  10.99036241
  11.00496150
  10.92990502
  11.24338653
  10.96743727
  10.90137141
  11.02272985
  11.04596604
  11.50404966
  10.88015027
  11.33086310
  10.70284200
  12.04141716
  11.15821380
  10.85805013
  10.93636317
  10.98639216
  10.96044684
  10.97020779
  10.63316038
  11.13713769
  11.03351378
  11.08913435
  11.02111515
  11.01834381
  11.35615299
  10.84547081
  10.94786647
  10.84291361
  11.62191198
  11.20310632
  10.99729594
  10.82054526
  11.09582014
  11.62190510
  10.98703735
  11.40482324
  10.74033954
  10.93814816
  10.54300546
  11.06120573
  11.13905837
  10.87736171
  10.88026683
  10.86592225
  10.96607249
  10.72857642
  11.25705831
  10.89788325
  11.08874635
  10.97724497
  11.20075838
  11.04685982
  11.78557568
  11.26694391
  11.18594882
  10.84011079
  11.00487932
  10.85215398
  11.18558610
  10.90966143
  10.89793457
  11.03658838
  10.66965676
  10.86522570
  11.21953943
  10.84139648
  11.04307008
  11.37113867
  11.56396914
  11.10630389
  11.30709718
  10.93208129
  11.10497995
  10.98601123
  11.08266202
  10.86689181
  10.89269038
  11.13344801
  10.83941083
  10.85568688
  11.01703129
  10.75226879
  10.73050040
  10.84876105
  10.82722559
  11.25759466
  11.29138699
  11.19976160
  11.17538013
  11.04820428
  11.14310553
  11.09235137
  10.88954406
  10.83165239
  11.22306347
  10.61216505
  10.74509570
  10.77328380
  11.04012454
  10.89640768
  11.04738432
  10.65990641
  10.71672450
  10.50462102
  11.51303518
  11.17095591
  10.77617831
  10.94514547
  11.03834568
  10.65588367
  10.66690303
  11.37525296
  10.89731928
  10.69521373
  11.10769143
  10.71990547
  11.18928256
  11.11295619
  11.07474990
  11.25764204
  11.13479926
  10.88718250
  10.54777801
  11.05942171
  10.51544058
  11.16333034
  10.83923712
  10.88036050
  10.96405702
  11.07872875
  11.17695751
  10.99517069
  10.79126836
  11.26124407
  10.87612023
  10.86377964
  10.77950551
  10.97268268
  10.88027032
  11.17590182
  10.82803440
  10.80173230
  10.73691765
  11.12109580
  11.04347876
  11.03870690
  10.85881301
  10.95018373
  10.71353795
  10.92696913
  11.68901733
  10.83975310
  11.23683748
  10.93759016
  11.06783304
  10.82133136
  10.80583260
  11.01192553
  11.42078934
  10.96818260
  11.65778177
  10.94679691
  10.63010949
  10.86506129
  10.70189669
  11.26643783
  10.90960320
  10.78738473
  11.03231721
  11.34543420
  10.63671171
  10.89432770
  10.99605502
  11.08648605
  11.44399290
  10.86862047
  10.68261891
  10.73356620
  10.79032214
  10.78401333
  11.13062415
  11.16007822
  10.68654019
  10.85106662
  10.75872252
  10.62790984
  11.39600804
  11.11666848
  10.74252148
  11.16139248
  10.68167418
  11.01945512
  10.89982160
  10.82366822
  11.01802765
  10.94546294
  11.24060024
  11.10122351
  11.41207468
  10.75595199
  10.87701122
  10.78552162
  11.11350647
  11.02602621
  10.79478087
  10.58515859
  10.60073027
  10.95155967
  11.93521685
  11.39532521
  11.31238514
  11.23284417
  10.72505913
  10.78090062
  11.31021540
  11.34991910
  10.71368217
  11.16689716
  10.78140276
  10.86156602
  10.95456542
  11.29422475
  10.48084669
  11.14463176
  10.77482478
  11.00715984
  10.81276537
  10.79210391
  11.18949200
  11.17954069
  10.97966152
  10.87488506
  10.99529140
  11.02222254
  10.76522701
  11.28258122
  10.91995411
  11.05042426
  11.10185474
  11.21973209
  10.66185081
  10.98878299
  11.49139902
  11.03477529
  11.17336492
  10.74506092
  11.10964225
  11.42449147
  10.75548777
  10.79713154
  10.75099237
  11.12726609
  10.92259599
  10.71000739
  11.11266567
  11.06318919
  10.99401553
